70,70
69,70
68,70
67,70
66,70
65,70
64,70
63,70
62,70
61,70
60,70
59,70
58,70
57,70
56,70
55,70
54,70
53,70
52,70
51,70
50,70
49,70
48,70
47,70
46,70
45,70
44,70
43,70
42,70
41,70
40,70
39,70
38,70
37,70
36,70
35,70
34,70
33,70
32,70
31,70
30,70
30,70
30,69
30,68
30,67
30,66
30,65
30,64
30,63
30,62
30,61
30,60
30,59
30,58
30,57
30,56
30,55
30,54
30,53
30,52
30,51
30,50
30,49
30,48
30,47
30,46
30,45
30,44
30,43
30,42
30,41
30,40
30,39
30,38
30,37
30,36
30,35
30,34
30,33
30,32
30,31
30,30
30,29
30,28
30,27
30,26
30,25
30,24
30,23
30,22
30,21
30,20
30,20
31,20
32,20
33,20
34,20
35,20
36,20
37,20
38,20
39,20
40,20
41,20
42,20
43,20
44,20
45,20
46,20
47,20
48,20
49,20
50,20
51,20
52,20
53,20
54,20
55,20
56,20
57,20
58,20
59,20
60,20
61,20
62,20
63,20
64,20
65,20
66,20
67,20
68,20
69,20
70,20
70,20
70,21
70,22
70,23
70,24
70,25
70,26
70,27
70,28
70,29
70,30
70,31
70,32
70,33
70,34
70,35
70,36
70,37
70,38
70,39
70,40
70,41
70,42
70,43
70,44
70,45
70,45
69,45
68,45
67,45
66,45
65,45
64,45
63,45
62,45
61,45
60,45
59,45
58,45
57,45
56,45
55,45
54,45
53,45
52,45
51,45
50,45
---
20,41
20,41
21,41
22,41
23,41
24,41
25,41
26,41
27,41
28,41
29,41
30,41
31,41
32,41
33,41
34,41
35,41
36,41
37,41
38,41
39,41
40,41
41,41
42,41
43,41
44,41
45,41
46,41
47,41
48,41
49,41
50,41
51,41
52,41
53,41
54,41
55,41
56,41
57,41
57,41
58,41
59,41
60,41
61,41
62,41
63,41
64,41
65,41
66,41
67,41
68,41
68,41
68,42
68,43
68,44
68,45
68,46
68,47
68,48
68,49
68,50
68,51
68,52
68,53
68,54
68,55
68,56
68,57
68,58
68,59
68,60
68,61
68,62
68,63
68,64
68,65
68,66
68,67
68,68
68,69
68,70
68,71
68,72
68,73
68,74
68,75
68,76
68,77
68,77
69,76
70,75
71,74
72,73
73,72
74,71
75,70
76,69
77,68
78,67
79,66
80,65
81,64
82,63
83,62
83,62
84,62
85,62
86,62
87,62
88,62
89,62
90,62
91,62
92,62
93,62
93,62
93,61
93,60
93,59
93,58
93,57
93,56
93,55
93,54
93,53
93,52
93,51
93,50
93,49
93,48
93,47
93,46
93,45
93,44
93,43
93,42
93,41
93,40
93,39
93,38
93,37
93,36
93,35
93,34
93,33
93,32
93,32
92,32
91,32
90,32
89,32
88,32
87,32
86,32
85,32
84,32
83,32
82,32
81,32
80,32
79,32
78,32
77,32
76,32
75,32
74,32
73,32
72,32
71,32
70,32
69,32
68,32
67,32
66,32
65,32
64,32
64,32
63,32
62,32
61,32
60,32
59,32
58,32
57,32
56,32
55,32
54,32
53,32
52,32
51,32
50,32
49,32
48,32
47,32
46,32
45,32
44,32
43,32
42,32
41,32
40,32
39,32
38,32
37,32
36,32
35,32
35,32
34,32
33,32
32,32
31,32
30,32
29,32
28,32
27,32
26,32
25,32
24,32
23,32
22,32
21,32
20,32
19,32
18,32
17,32
16,32
15,32
14,32
13,32
12,32
11,32
10,32
9,32
8,32
7,32
6,32
6,32
6,31
6,30
6,29
6,28
6,27
6,26
6,25
6,24
6,23
6,22
6,21
6,20
6,19
6,18
6,17
6,16
6,15
6,14
6,13
6,12
6,11
6,11
6,10
6,9
6,8
6,7
6,6
6,5
6,5
7,5
8,5
9,5
10,5
11,5
12,5
13,5
14,5
15,5
16,5
17,5
18,5
18,5
18,5
19,6
20,7
21,8
22,9
23,10
24,11
25,12
26,13
27,14
28,15
29,16
30,17
31,18
---
48,4
48,4
47,4
46,4
45,4
44,4
43,4
42,4
41,4
40,4
39,4
38,4
37,4
36,4
35,4
34,4
33,4
32,4
31,4
30,4
29,4
28,4
27,4
26,4
25,4
24,4
24,4
24,5
24,6
24,7
24,8
24,9
24,10
24,11
24,12
24,13
24,14
24,15
24,16
24,17
24,18
24,19
24,20
24,21
24,22
24,23
24,24
24,25
24,26
24,27
24,28
24,29
24,30
24,31
24,32
24,33
24,34
24,34
25,34
26,34
27,34
28,34
29,34
30,34
31,34
32,34
33,34
34,34
35,34
36,34
37,34
38,34
39,34
40,34
41,34
42,34
43,34
44,34
45,34
46,34
47,34
48,34
49,34
50,34
51,34
52,34
53,34
54,34
55,34
56,34
57,34
58,34
59,34
59,34
58,35
57,36
56,37
55,38
54,39
53,40
52,41
51,42
50,43
49,44
48,45
47,46
46,47
45,48
44,49
43,50
42,51
41,52
40,53
39,54
38,55
37,56
36,57
35,58
34,59
34,59
33,58
32,57
31,56
30,55
29,54
28,53
27,52
26,51
25,50
24,49
23,48
22,47
21,46
20,45
19,44
18,43
17,42
16,41
15,40
14,39
13,38
12,37
11,36
10,35
9,34
8,33
7,32
7,32
8,31
9,30
10,29
11,28
12,27
13,26
14,25
15,24
16,23
17,22
18,21
19,20
20,19
21,18
22,17
23,16
24,15
25,14
26,13
26,13
27,13
28,13
29,13
30,13
31,13
32,13
33,13
34,13
35,13
36,13
37,13
38,13
38,13
37,12
36,11
35,10
34,9
33,8
32,7
31,6
30,5
30,5
31,5
32,5
33,5
34,5
35,5
36,5
37,5
38,5
39,5
40,5
41,5
42,5
43,5
44,5
45,5
46,5
47,5
48,5
49,5
50,5
51,5
52,5
53,5
54,5
55,5
56,5
57,5
58,5
59,5
60,5
61,5
62,5
63,5
64,5
65,5
66,5
66,5
67,5
68,5
69,5
70,5
71,5
72,5
73,5
74,5
75,5
76,5
77,5
78,5
79,5
80,5
81,5
82,5
83,5
84,5
85,5
86,5
87,5
88,5
89,5
89,5
90,5
91,5
92,5
93,5
94,5
95,5
96,5
97,5
98,5
99,5
100,5
101,5
102,5
102,5
102,5
---
91,75
91,75
92,75
93,75
94,75
95,75
96,75
97,75
98,75
99,75
100,75
101,75
102,75
103,75
104,75
104,75
104,74
104,73
104,72
104,71
104,70
104,69
104,68
104,67
104,66
104,65
104,64
104,63
104,62
104,61
104,60
104,59
104,58
104,57
104,56
104,55
104,54
104,53
104,53
103,53
102,53
101,53
100,53
99,53
98,53
97,53
96,53
95,53
94,53
93,53
92,53
91,53
90,53
89,53
88,53
87,53
86,53
85,53
84,53
84,53
83,53
82,53
81,53
80,53
79,53
78,53
77,53
76,53
75,53
74,53
73,53
72,53
71,53
70,53
69,53
68,53
67,53
66,53
65,53
64,53
63,53
62,53
61,53
60,53
59,53
58,53
57,53
56,53
55,53
54,53
53,53
52,53
52,53
51,54
50,55
49,56
48,57
47,58
46,59
45,60
44,61
43,62
42,63
41,64
40,65
39,66
38,67
37,68
36,69
35,70
34,71
33,72
32,73
31,74
30,75
29,76
28,77
27,78
26,79
25,80
24,81
23,82
22,83
21,84
20,85
19,86
18,87
17,88
16,89
16,89
17,90
18,91
19,92
20,93
21,94
22,95
23,96
24,97
25,98
26,99
27,100
28,101
29,102
30,103
31,104
32,105
33,106
34,107
35,108
35,108
36,109
37,110
38,111
39,112
40,113
41,114
42,115
43,116
44,117
45,118
46,119
47,120
48,121
49,122
50,123
51,124
52,125
52,125
52,124
52,123
52,122
52,121
52,120
52,119
52,118
52,117
52,116
52,115
52,114
52,113
52,112
52,111
52,110
52,109
52,108
52,107
52,107
53,106
54,105
55,104
56,103
57,102
58,101
59,100
60,99
61,98
62,97
63,96
64,95
65,94
66,93
67,92
68,91
69,90
70,89
71,88
72,87
73,86
74,85
75,84
76,83
77,82
78,81
79,80
80,79
81,78
82,77
83,76
84,75
85,74
86,73
87,72
88,71
89,70
90,69
90,69
89,69
88,69
87,69
86,69
85,69
84,69
83,69
82,69
81,69
80,69
79,69
78,69
77,69
76,69
75,69
74,69
73,69
72,69
71,69
70,69
69,69
68,69
67,69
66,69
65,69
64,69
64,69
64,70
64,71
64,72
64,73
64,74
64,75
64,76
64,77
64,78
64,79
64,80
64,81
64,82
64,83
64,84
64,85
64,86
64,87
64,88
64,89
64,90
64,91
64,92
64,93
64,94
64,95
64,96
64,97
64,98
64,99
64,100
64,101
64,102
64,103
64,104
64,105
64,106
64,106
65,106
66,106
67,106
68,106
69,106
70,106
71,106
72,106
73,106
74,106
75,106
76,106
77,106
78,106
79,106
80,106
81,106
82,106
83,106
84,106
85,106
86,106
87,106
88,106
89,106
90,106
91,106
92,106
93,106
94,106
95,106
96,106
96,106
95,107
94,108
93,109
92,110
91,111
90,112
89,113
88,114
87,115
86,116
85,117
84,118
83,119
82,120
81,121
80,122
79,123
78,124
77,125
76,126
75,127
74,128
73,129
72,130
---
15,60
15,60
14,60
13,60
12,60
11,60
10,60
9,60
8,60
7,60
6,60
5,60
4,60
3,60
2,60
1,60
0,60
0,60
0,60
1,60
2,60
3,60
4,60
5,60
6,60
7,60
8,60
9,60
10,60
11,60
12,60
13,60
14,60
15,60
16,60
17,60
18,60
19,60
19,60
18,61
17,62
16,63
15,64
14,65
13,66
12,67
11,68
10,69
9,70
8,71
7,72
6,73
5,74
4,75
3,76
2,77
1,78
0,79
0,80
0,81
0,82
0,83
0,84
0,85
0,86
0,87
0,88
0,89
0,90
0,90
1,90
2,90
3,90
4,90
5,90
6,90
7,90
8,90
9,90
10,90
11,90
12,90
12,90
11,89
10,88
9,87
8,86
7,85
6,84
5,83
4,82
3,81
2,80
1,79
0,78
0,77
0,76
0,75
0,74
0,73
0,72
0,72
0,72
1,72
2,72
3,72
4,72
5,72
6,72
7,72
8,72
9,72
10,72
11,72
12,72
13,72
14,72
15,72
16,72
17,72
18,72
19,72
20,72
21,72
22,72
23,72
24,72
25,72
26,72
27,72
28,72
29,72
30,72
31,72
31,72
31,71
31,70
31,69
31,68
31,67
31,66
31,65
31,64
31,63
31,62
31,61
31,60
31,59
31,58
31,57
31,56
31,55
31,54
31,53
31,52
31,51
31,50
31,49
31,49
32,49
33,49
34,49
35,49
36,49
37,49
38,49
39,49
40,49
41,49
42,49
43,49
44,49
45,49
46,49
47,49
48,49
49,49
50,49
51,49
52,49
53,49
54,49
55,49
56,49
57,49
58,49
59,49
60,49
61,49
62,49
63,49
64,49
65,49
66,49
67,49
67,49
68,48
69,47
70,46
71,45
72,44
73,43
74,42
75,41
76,40
77,39
78,38
78,38
78,39
78,40
78,41
78,42
78,43
78,44
78,45
78,46
78,47
78,48
78,49
78,50
78,51
78,52
78,53
78,54
78,55
78,56
78,57
78,58
78,59
78,60
78,61
78,62
78,63
78,64
78,65
78,66
78,67
78,68
78,69
78,70
78,71
78,72
78,72
77,72
76,72
75,72
74,72
73,72
72,72
71,72
70,72
69,72
68,72
67,72
66,72
65,72
64,72
63,72
62,72
61,72
60,72
59,72
58,72
---
28,65
28,65
29,66
30,67
31,68
32,69
33,70
34,71
35,72
36,73
37,74
38,75
39,76
40,77
41,78
42,79
43,80
44,81
45,82
46,83
47,84
48,85
49,86
50,87
51,88
52,89
53,90
53,90
54,90
55,90
56,90
57,90
58,90
59,90
60,90
61,90
62,90
63,90
64,90
65,90
66,90
66,90
66,89
66,88
66,87
66,86
66,85
66,84
66,83
66,82
66,81
66,80
66,79
66,78
66,77
66,76
66,75
66,74
66,73
66,72
66,71
66,70
66,69
66,68
66,67
66,66
66,65
66,64
66,63
66,62
66,61
66,60
66,59
66,58
66,57
66,56
66,56
66,55
66,54
66,53
66,52
66,51
66,50
66,49
66,48
66,47
66,46
66,45
66,44
66,43
66,42
66,41
66,40
66,39
66,38
66,37
66,36
66,35
66,34
66,33
66,32
66,31
66,30
66,29
66,28
66,27
66,26
66,25
66,24
66,23
66,22
66,21
66,20
66,19
66,18
66,17
66,17
66,16
66,15
66,14
66,13
66,12
66,11
66,10
66,9
66,8
66,7
66,6
66,5
66,5
66,5
67,5
68,5
69,5
70,5
71,5
72,5
73,5
74,5
75,5
76,5
77,5
78,5
79,5
80,5
81,5
82,5
83,5
84,5
85,5
86,5
87,5
88,5
89,5
90,5
91,5
92,5
93,5
94,5
95,5
96,5
97,5
98,5
99,5
99,5
98,5
97,5
96,5
95,5
94,5
93,5
92,5
91,5
90,5
89,5
89,5
89,5
89,5
88,6
87,7
86,8
85,9
84,10
83,11
82,12
81,13
80,14
79,15
78,16
77,17
76,18
75,19
74,20
73,21
72,22
71,23
70,24
69,25
68,26
67,27
66,28
66,28
65,28
64,28
63,28
62,28
61,28
60,28
59,28
58,28
57,28
56,28
55,28
54,28
53,28
52,28
51,28
50,28
49,28
48,28
47,28
46,28
45,28
44,28
43,28
42,28
41,28
40,28
39,28
38,28
37,28
36,28
35,28
34,28
33,28
32,28
31,28
30,28
29,28
28,28
27,28
---
98,13
98,13
99,13
100,13
101,13
102,13
103,13
104,13
105,13
106,13
107,13
108,13
109,13
110,13
111,13
112,13
113,13
113,13
113,12
113,11
113,10
113,9
113,8
113,7
113,6
113,5
113,5
112,5
111,5
110,5
109,5
108,5
107,5
106,5
105,5
104,5
103,5
102,5
101,5
100,5
99,5
98,5
97,5
96,5
95,5
94,5
93,5
92,5
91,5
91,5
92,6
93,7
94,8
95,9
96,10
97,11
98,12
99,13
100,14
101,15
102,16
103,17
104,18
105,19
106,20
107,21
108,22
109,23
110,24
111,25
112,26
113,27
114,28
115,29
116,30
117,31
118,32
119,33
120,34
121,35
122,36
123,37
124,38
124,38
124,37
124,36
124,35
124,34
124,33
124,32
124,31
124,30
124,29
124,28
124,27
124,26
124,25
124,24
124,23
124,22
124,21
124,20
124,19
124,18
124,17
124,16
124,15
124,14
124,13
124,12
124,11
124,10
124,9
124,8
124,8
125,8
126,8
127,8
128,8
129,8
130,8
131,8
132,8
133,8
134,8
135,8
136,8
137,8
138,8
139,8
140,8
141,8
142,8
143,8
143,8
142,8
141,8
140,8
139,8
138,8
137,8
136,8
135,8
134,8
133,8
132,8
131,8
130,8
129,8
128,8
127,8
126,8
125,8
124,8
123,8
122,8
121,8
120,8
119,8
118,8
117,8
116,8
115,8
114,8
113,8
112,8
111,8
110,8
109,8
108,8
107,8
106,8
105,8
105,8
105,9
105,10
105,11
105,12
105,13
105,14
105,15
105,16
105,17
105,18
105,19
105,20
105,21
105,22
105,23
105,24
105,25
105,26
105,27
105,28
105,28
104,28
103,28
102,28
101,28
100,28
99,28
98,28
97,28
96,28
95,28
94,28
93,28
92,28
91,28
90,28
89,28
88,28
87,28
86,28
85,28
84,28
83,28
82,28
81,28
80,28
79,28
78,28
77,28
77,28
78,27
79,26
80,25
81,24
82,23
83,22
84,21
85,20
86,19
87,18
88,17
89,16
90,15
91,14
92,13
93,12
94,11
95,10
96,9
97,8
98,7
99,6
100,5
100,5
100,6
100,7
100,8
100,9
100,10
100,11
100,12
100,13
100,14
100,15
100,16
100,17
100,18
100,19
100,20
100,21
100,21
101,21
102,21
103,21
104,21
105,21
106,21
107,21
108,21
109,21
110,21
111,21
112,21
113,21
114,21
115,21
116,21
117,21
118,21
119,21
120,21
121,21
122,21
123,21
123,21
123,22
123,23
123,24
123,25
123,26
123,27
123,28
123,29
123,30
123,31
123,32
123,33
123,34
123,35
123,36
123,37
123,38
123,39
123,40
123,41
123,42
123,43
123,44
123,45
123,46
123,47
123,48
123,49
123,50
123,51
---
66,37
66,37
65,36
64,35
63,34
62,33
61,32
60,31
59,30
58,29
57,28
56,27
55,26
54,25
53,24
52,23
51,22
50,21
49,20
48,19
47,18
46,17
45,16
44,15
43,14
42,13
41,12
40,11
39,10
38,9
37,8
37,8
37,7
37,6
37,5
37,5
37,6
37,7
37,8
37,9
37,10
37,11
37,12
37,13
37,14
37,15
37,16
37,17
37,18
37,19
37,20
37,21
37,22
37,23
37,24
37,25
37,26
37,27
37,28
37,29
37,30
37,31
37,32
37,33
37,34
37,35
37,36
37,37
37,38
37,39
37,40
37,40
38,39
39,38
40,37
41,36
42,35
43,34
44,33
45,32
46,31
47,30
48,29
49,28
50,27
51,26
52,25
53,24
54,23
55,22
56,21
57,20
58,19
59,18
60,17
61,16
62,15
63,14
64,13
65,12
66,11
67,10
68,9
69,8
70,7
71,6
72,5
72,5
73,5
74,5
75,5
76,5
77,5
78,5
79,5
80,5
81,5
82,5
83,5
84,5
85,5
86,5
87,5
88,5
89,5
90,5
91,5
92,5
93,5
94,5
95,5
96,5
97,5
98,5
99,5
100,5
101,5
102,5
103,5
104,5
105,5
105,5
106,5
107,5
108,5
109,5
110,5
111,5
112,5
113,5
114,5
115,5
116,5
117,5
118,5
119,5
120,5
121,5
122,5
123,5
124,5
125,5
126,5
127,5
128,5
128,5
128,5
128,5
127,5
126,5
125,5
124,5
123,5
122,5
121,5
120,5
119,5
118,5
117,5
116,5
115,5
114,5
113,5
112,5
111,5
110,5
109,5
108,5
107,5
106,5
105,5
104,5
103,5
102,5
101,5
100,5
99,5
98,5
97,5
96,5
95,5
95,5
94,5
93,5
92,5
91,5
90,5
89,5
88,5
87,5
86,5
85,5
84,5
83,5
82,5
81,5
80,5
79,5
78,5
77,5
76,5
75,5
74,5
73,5
72,5
71,5
70,5
69,5
68,5
67,5
66,5
65,5
64,5
63,5
62,5
61,5
60,5
59,5
58,5
57,5
57,5
56,6
55,7
54,8
53,9
52,10
51,11
50,12
49,13
48,14
47,15
46,16
45,17
44,18
43,19
42,20
41,21
---
49,97
49,97
50,96
51,95
52,94
53,93
54,92
55,91
56,90
57,89
58,88
59,87
60,86
61,85
62,84
63,83
63,83
62,82
61,81
60,80
59,79
58,78
57,77
56,76
55,75
54,74
53,73
52,72
51,71
51,71
50,72
49,73
48,74
47,75
46,76
45,77
44,78
43,79
42,80
41,81
40,82
39,83
38,84
37,85
36,86
35,87
34,88
33,89
32,90
31,91
30,92
29,93
29,93
29,94
29,95
29,96
29,97
29,98
29,99
29,100
29,101
29,102
29,103
29,104
29,105
29,106
29,107
29,108
29,109
29,110
29,111
29,112
29,113
29,114
29,115
29,116
29,117
29,117
28,117
27,117
26,117
25,117
24,117
23,117
22,117
21,117
20,117
19,117
18,117
17,117
16,117
15,117
14,117
13,117
12,117
11,117
10,117
9,117
8,117
7,117
6,117
5,117
4,117
3,117
2,117
1,117
0,117
0,117
0,116
0,115
0,114
0,113
0,112
0,111
0,110
0,109
0,108
0,107
0,106
0,105
0,104
0,103
0,102
0,101
0,100
0,99
0,98
0,97
0,96
0,95
0,94
0,93
0,92
0,91
0,90
0,89
0,88
0,87
0,86
0,85
0,84
0,83
0,82
0,81
0,80
0,79
0,78
0,78
1,78
2,78
3,78
4,78
5,78
6,78
7,78
8,78
9,78
10,78
11,78
12,78
13,78
14,78
15,78
16,78
17,78
18,78
19,78
20,78
21,78
22,78
23,78
24,78
25,78
25,78
25,77
25,76
25,75
25,74
25,73
25,72
25,71
25,70
25,69
25,68
25,67
25,66
25,65
25,64
25,63
25,62
25,61
25,60
25,59
25,58
25,57
25,56
25,55
25,54
25,53
25,52
25,51
25,50
25,49
25,48
25,47
25,46
25,45
25,44
25,43
25,42
25,41
25,40
25,40
24,40
23,40
22,40
21,40
20,40
19,40
18,40
17,40
16,40
15,40
14,40
13,40
12,40
11,40
10,40
9,40
8,40
7,40
6,40
5,40
4,40
3,40
2,40
1,40
0,40
0,40
1,39
2,38
3,37
4,36
5,35
6,34
7,33
8,32
9,31
10,30
11,29
12,28
13,27
14,26
15,25
15,25
15,26
15,27
15,28
15,29
15,30
15,31
15,32
15,33
15,34
15,35
15,36
15,37
15,38
15,39
15,40
15,41
15,42
15,43
15,44
15,45
15,46
15,47
15,48
15,49
15,50
15,51
15,52
15,53
15,54
15,55
15,56
15,57
15,58
15,59
15,59
16,58
17,57
18,56
19,55
20,54
21,53
22,52
23,51
24,50
25,49
25,49
24,48
23,47
22,46
21,45
20,44
19,43
18,42
17,41
16,40
15,39
14,38
13,37
12,36
11,35
10,34
9,33
8,32
7,31
6,30
5,29
4,28
3,27
2,26
1,25
0,24
0,23
0,22
0,21
0,20
0,19
0,18
0,17
0,16
---
51,60
51,60
51,59
51,58
51,57
51,56
51,55
51,54
51,53
51,52
51,51
51,50
51,49
51,48
51,47
51,46
51,45
51,44
51,43
51,42
51,41
51,40
51,39
51,38
51,37
51,36
51,36
52,36
53,36
54,36
55,36
56,36
57,36
58,36
59,36
60,36
61,36
62,36
63,36
64,36
65,36
66,36
67,36
68,36
69,36
70,36
71,36
72,36
73,36
74,36
75,36
76,36
77,36
77,36
76,36
75,36
74,36
73,36
72,36
71,36
70,36
69,36
68,36
67,36
66,36
66,36
65,37
64,38
63,39
62,40
61,41
60,42
59,43
58,44
57,45
56,46
55,47
54,48
53,49
52,50
51,51
50,52
49,53
48,54
47,55
46,56
45,57
44,58
43,59
42,60
41,61
40,62
39,63
38,64
37,65
36,66
35,67
34,68
33,69
32,70
31,71
30,72
29,73
28,74
27,75
27,75
27,74
27,73
27,72
27,71
27,70
27,69
27,68
27,67
27,66
27,65
27,64
27,63
27,62
27,61
27,60
27,59
27,58
27,57
27,56
27,55
27,54
27,53
27,52
27,51
27,50
27,49
27,48
27,47
27,46
27,46
28,45
29,44
30,43
31,42
32,41
33,40
34,39
35,38
36,37
37,36
38,35
39,34
40,33
41,32
42,31
43,30
44,29
45,28
46,27
47,26
48,25
49,24
50,23
51,22
52,21
53,20
53,20
53,19
53,18
53,17
53,16
53,15
53,14
53,13
53,12
53,11
53,10
53,9
53,8
53,7
53,6
53,5
53,5
53,5
52,5
51,5
50,5
49,5
48,5
47,5
46,5
45,5
44,5
43,5
42,5
41,5
41,5
40,5
39,5
38,5
37,5
36,5
35,5
34,5
33,5
32,5
31,5
30,5
29,5
28,5
27,5
26,5
25,5
24,5
23,5
22,5
21,5
20,5
19,5
18,5
17,5
16,5
15,5
14,5
13,5
12,5
12,5
12,5
12,5
---
11,22
11,22
10,22
9,22
8,22
7,22
6,22
5,22
4,22
3,22
2,22
1,22
0,22
0,22
0,23
0,24
0,25
0,26
0,27
0,28
0,29
0,30
0,31
0,32
0,33
0,34
0,35
0,36
0,37
0,38
0,39
0,40
0,41
0,42
0,43
0,44
0,45
0,46
0,47
0,47
0,48
0,49
0,50
0,51
0,52
0,53
0,54
0,55
0,56
0,57
0,58
0,59
0,60
0,61
0,62
0,63
0,64
0,65
0,66
0,67
0,68
0,69
0,70
0,71
0,72
0,73
0,74
0,74
0,73
0,72
0,71
0,70
0,69
0,68
0,67
0,66
0,65
0,64
0,63
0,62
0,61
0,60
0,59
0,58
0,57
0,56
0,55
0,54
0,53
0,52
0,51
0,50
0,49
0,48
0,47
0,46
0,45
0,44
0,43
0,42
0,41
0,40
0,39
0,39
0,40
0,41
0,42
0,43
0,44
0,45
0,46
0,47
0,48
0,49
0,50
0,51
0,52
0,53
0,54
0,55
0,56
0,57
0,58
0,59
0,60
0,61
0,62
0,63
0,64
0,65
0,66
0,67
0,68
0,68
0,68
0,68
0,69
0,70
0,71
0,72
0,73
0,74
0,75
0,76
0,77
0,78
0,79
0,80
0,81
0,82
0,83
0,83
0,82
0,81
0,80
0,79
0,78
0,77
0,76
0,75
0,74
0,73
0,72
0,71
0,70
0,69
0,68
0,67
0,66
0,65
0,64
0,63
0,62
0,61
0,60
0,59
0,58
0,57
0,56
0,55
0,54
0,53
0,52
0,51
0,50
0,49
0,48
0,47
0,46
0,46
0,45
0,44
0,43
0,42
0,41
0,40
0,39
0,38
0,37
0,36
0,35
0,34
0,33
0,32
0,31
0,30
0,29
0,28
0,27
0,26
0,25
0,24
0,23
0,22
0,21
0,20
0,19
0,18
0,17
0,16
0,15
0,14
0,13
0,12
0,11
0,10
0,9
0,8
0,8
---
69,67
68,68
67,69
66,70
65,70
64,70
63,70
62,70
61,70
60,70
59,70
58,70
57,70
56,70
55,70
54,70
53,70
52,70
51,70
50,70
49,70
48,70
47,70
46,70
45,70
44,70
43,70
42,70
41,70
40,70
39,70
38,70
37,70
36,70
35,70
34,70
33,69
32,68
31,67
30,66
30,65
30,64
30,63
30,62
30,61
30,60
30,59
30,58
30,57
30,56
30,55
30,54
30,53
30,52
30,51
30,50
30,49
30,48
30,47
30,46
30,45
30,44
30,43
30,42
30,41
30,40
30,39
30,38
30,37
30,36
30,35
30,34
30,33
30,32
30,31
30,30
30,29
30,28
30,27
30,26
30,25
30,24
31,23
32,22
33,21
34,20
35,20
36,20
37,20
38,20
39,20
40,20
41,20
42,20
43,20
44,20
45,20
46,20
47,20
48,20
49,20
50,20
51,20
52,20
53,20
54,20
55,20
56,20
57,20
58,20
59,20
60,20
61,20
62,20
63,20
64,20
65,20
66,20
67,21
68,22
69,23
70,24
70,25
70,26
70,27
70,28
70,29
70,30
70,31
70,32
70,33
70,34
70,35
70,36
70,37
70,38
70,39
70,40
70,41
70,42
70,43
70,44
70,45
70,46
70,47
70,48
70,49
70,50
70,51
70,52
70,53
70,54
70,55
70,56
70,57
70,58
70,59
70,60
70,61
70,62
70,63
70,64
70,65
70,66
---
27,37
27,37
28,36
29,35
30,34
31,33
32,32
33,31
34,30
35,29
36,28
37,27
37,27
38,27
39,27
40,27
41,27
42,27
43,27
44,27
45,27
46,27
47,27
48,27
49,27
50,27
51,27
52,27
53,27
54,27
55,27
56,27
57,27
58,27
59,27
60,27
61,27
62,27
63,27
64,27
65,27
66,27
67,27
68,27
69,27
70,27
71,27
72,27
73,27
74,27
75,27
75,27
76,26
77,25
78,24
79,23
80,22
81,21
82,20
83,19
84,18
85,17
86,16
87,15
88,14
89,13
90,12
91,11
92,10
93,9
94,8
95,7
96,6
97,5
97,5
96,6
95,7
94,8
93,9
92,10
91,11
90,12
89,13
88,14
87,15
86,16
85,17
84,18
83,19
82,20
81,21
80,22
79,23
78,24
77,25
76,26
75,27
74,28
73,29
72,30
71,31
70,32
69,33
68,34
67,35
66,36
65,37
64,38
63,39
62,40
61,41
60,42
59,43
58,44
58,44
58,43
58,42
58,41
58,40
58,39
58,38
58,37
58,36
58,35
58,34
58,33
58,32
58,31
58,30
58,29
58,28
58,27
58,27
57,28
56,29
55,30
54,31
53,32
52,33
51,34
50,35
49,36
48,37
47,38
46,39
45,40
44,41
43,42
42,43
41,44
40,45
39,46
38,47
37,48
36,49
35,50
34,51
33,52
33,52
32,52
31,52
30,52
29,52
28,52
27,52
26,52
25,52
24,52
23,52
22,52
21,52
20,52
19,52
18,52
17,52
16,52
15,52
14,52
13,52
12,52
11,52
10,52
9,52
8,52
7,52
6,52
5,52
4,52
3,52
2,52
1,52
0,52
0,52
0,51
0,50
0,49
0,48
0,47
0,46
0,45
0,44
0,43
0,42
0,41
0,40
0,39
0,38
0,37
0,36
0,35
0,34
0,33
0,32
0,31
0,30
0,29
0,28
0,27
0,26
0,25
0,24
0,23
0,23
0,22
0,21
0,20
0,19
0,18
0,17
0,16
0,15
0,14
0,13
0,12
0,11
0,10
0,9
0,8
0,7
0,6
0,5
0,5
0,5
0,5
---
67,34
67,34
66,34
65,34
64,34
63,34
62,34
61,34
60,34
59,34
58,34
57,34
56,34
56,34
56,33
56,32
56,31
56,30
56,29
56,28
56,27
56,26
56,25
56,24
56,23
56,22
56,21
56,20
56,19
56,18
56,17
56,16
56,15
56,14
56,13
56,12
56,11
56,10
56,9
56,8
56,7
56,7
56,8
56,9
56,10
56,11
56,12
56,13
56,14
56,15
56,16
56,17
56,18
56,19
56,20
56,21
56,22
56,23
56,24
56,25
56,26
56,27
56,28
56,29
56,30
56,31
56,32
56,32
56,33
56,34
56,35
56,36
56,37
56,38
56,39
56,40
56,41
56,42
56,43
56,44
56,45
56,46
56,47
56,48
56,49
56,50
56,51
56,52
56,53
56,54
56,55
56,56
56,57
56,58
56,58
57,58
58,58
59,58
60,58
61,58
62,58
63,58
64,58
65,58
66,58
67,58
68,58
69,58
70,58
71,58
72,58
73,58
74,58
74,58
74,59
74,60
74,61
74,62
74,63
74,64
74,65
74,66
74,67
74,68
74,69
74,70
74,71
74,72
74,73
74,74
74,75
74,76
74,77
74,78
74,79
74,80
74,81
74,82
74,83
74,84
74,85
74,86
74,86
74,85
74,84
74,83
74,82
74,81
74,80
74,79
74,78
74,77
74,76
74,75
74,74
74,73
74,72
74,71
74,71
73,71
72,71
71,71
70,71
69,71
68,71
67,71
66,71
65,71
64,71
63,71
62,71
61,71
60,71
59,71
58,71
57,71
56,71
55,71
54,71
53,71
52,71
51,71
50,71
49,71
48,71
47,71
46,71
45,71
44,71
43,71
42,71
41,71
40,71
40,71
41,71
42,71
43,71
44,71
45,71
46,71
47,71
48,71
49,71
50,71
51,71
52,71
53,71
54,71
55,71
56,71
57,71
58,71
59,71
60,71
61,71
62,71
63,71
64,71
65,71
66,71
67,71
68,71
69,71
70,71
71,71
72,71
73,71
74,71
75,71
76,71
77,71
78,71
79,71
79,71
79,72
79,73
79,74
79,75
79,76
79,77
79,78
79,79
79,80
79,81
79,82
79,83
79,84
79,84
79,85
79,86
79,87
79,88
79,89
79,90
79,91
79,92
79,93
79,94
79,95
79,95
79,94
79,93
79,92
79,91
79,90
79,89
79,88
79,87
79,86
79,85
79,84
79,83
79,82
79,81
79,80
79,79
79,78
79,77
79,76
79,75
79,74
79,73
79,72
79,72
79,73
79,74
79,75
79,76
79,77
79,78
79,79
79,80
79,81
79,82
79,83
79,84
79,85
79,86
79,87
79,88
79,89
79,90
79,91
79,92
79,93
79,94
79,95
79,96
79,96
79,97
79,98
79,99
79,100
79,101
79,102
79,103
79,104
79,105
79,106
79,107
79,108
79,109
79,110
79,111
79,112
79,113
79,114
79,115
79,116
79,117
79,118
79,119
79,120
79,121
79,122
79,123
79,124
---
26,27
26,27
26,26
26,25
26,24
26,23
26,22
26,21
26,20
26,19
26,18
26,17
26,16
26,15
26,14
26,13
26,12
26,11
26,10
26,9
26,8
26,8
27,8
28,8
29,8
30,8
31,8
32,8
33,8
34,8
35,8
36,8
37,8
38,8
39,8
40,8
41,8
42,8
43,8
44,8
45,8
46,8
47,8
48,8
49,8
50,8
51,8
52,8
53,8
54,8
54,8
53,8
52,8
51,8
50,8
49,8
48,8
47,8
46,8
45,8
44,8
43,8
42,8
41,8
40,8
39,8
38,8
37,8
36,8
35,8
34,8
33,8
32,8
31,8
30,8
29,8
28,8
27,8
26,8
25,8
24,8
23,8
22,8
21,8
20,8
19,8
18,8
17,8
16,8
15,8
15,8
14,7
13,6
12,5
12,5
12,6
12,7
12,8
12,9
12,10
12,11
12,12
12,13
12,14
12,15
12,16
12,17
12,18
12,19
12,20
12,21
12,22
12,23
12,24
12,25
12,26
12,27
12,28
12,29
12,30
12,31
12,32
12,32
13,31
14,30
15,29
16,28
17,27
18,26
19,25
20,24
21,23
22,22
23,21
24,20
25,19
26,18
27,17
28,16
29,15
30,14
31,13
32,12
33,11
34,10
35,9
36,8
37,7
38,6
39,5
39,5
38,6
37,7
36,8
35,9
34,10
33,11
32,12
31,13
30,14
29,15
28,16
27,17
26,18
25,19
24,20
23,21
22,22
21,23
20,24
19,25
18,26
17,27
16,28
15,29
14,30
13,31
12,32
11,33
10,34
9,35
8,36
7,37
6,38
5,39
4,40
3,41
2,42
1,43
1,43
0,43
0,43
0,43
1,42
2,41
3,40
4,39
5,38
6,37
7,36
8,35
9,34
10,33
11,32
12,31
13,30
14,29
15,28
16,27
17,26
18,25
19,24
20,23
21,22
22,21
23,20
24,19
25,18
26,17
27,16
28,15
29,14
30,13
31,12
31,12
31,13
31,14
31,15
31,16
31,17
31,18
31,19
31,20
31,21
31,22
31,23
31,24
31,25
31,25
30,24
29,23
28,22
27,21
26,20
25,19
24,18
23,17
22,16
21,15
20,14
19,13
18,12
17,11
16,10
15,9
14,8
13,7
12,6
11,5
---
26,91
26,91
26,90
26,89
26,88
26,87
26,86
26,85
26,84
26,83
26,82
26,81
26,80
26,79
26,78
26,77
26,76
26,75
26,74
26,73
26,72
26,71
26,70
26,69
26,68
26,67
26,66
26,65
26,64
26,63
26,62
26,61
26,60
26,59
26,58
26,57
26,56
26,56
27,56
28,56
29,56
30,56
31,56
32,56
33,56
34,56
35,56
36,56
37,56
37,56
36,56
35,56
34,56
33,56
32,56
31,56
30,56
29,56
28,56
27,56
26,56
25,56
24,56
23,56
22,56
21,56
20,56
19,56
18,56
18,56
17,56
16,56
15,56
14,56
13,56
12,56
11,56
10,56
9,56
8,56
7,56
6,56
5,56
4,56
3,56
2,56
1,56
0,56
0,56
0,56
1,56
2,56
3,56
4,56
5,56
6,56
7,56
8,56
9,56
10,56
11,56
12,56
13,56
14,56
15,56
16,56
17,56
18,56
19,56
19,56
20,56
21,56
22,56
23,56
24,56
25,56
26,56
27,56
28,56
29,56
30,56
31,56
32,56
32,56
33,56
34,56
35,56
36,56
37,56
38,56
39,56
40,56
41,56
42,56
43,56
44,56
45,56
46,56
47,56
48,56
49,56
50,56
51,56
52,56
53,56
54,56
55,56
56,56
57,56
58,56
59,56
60,56
61,56
62,56
63,56
64,56
65,56
66,56
67,56
68,56
69,56
69,56
69,57
69,58
69,59
69,60
69,61
69,62
69,63
69,64
69,65
69,66
69,67
69,68
69,69
69,70
69,71
69,72
69,73
69,74
69,75
69,76
69,77
69,78
69,79
69,80
69,81
69,82
69,83
69,84
69,85
69,86
69,87
69,88
69,89
69,90
69,91
69,92
69,93
69,94
69,95
69,95
68,95
67,95
66,95
65,95
64,95
63,95
62,95
61,95
60,95
59,95
58,95
57,95
56,95
55,95
54,95
53,95
52,95
51,95
50,95
49,95
48,95
47,95
46,95
45,95
44,95
43,95
42,95
41,95
40,95
39,95
38,95
37,95
36,95
36,95
36,94
36,93
36,92
36,91
36,90
36,89
36,88
36,87
36,86
36,85
36,85
35,85
34,85
33,85
32,85
31,85
30,85
29,85
28,85
27,85
26,85
25,85
24,85
23,85
22,85
21,85
20,85
20,85
20,84
20,83
20,82
20,81
20,80
20,79
20,78
20,77
20,76
20,75
20,74
20,73
20,72
20,71
20,70
20,69
20,68
20,67
20,66
20,65
20,64
20,63
20,62
---
25,54
25,54
25,53
25,52
25,51
25,50
25,49
25,48
25,47
25,46
25,45
25,44
25,43
25,42
25,41
25,40
25,39
25,38
25,37
25,36
25,35
25,34
25,33
25,32
25,31
25,30
25,29
25,28
25,27
25,26
25,25
25,24
25,23
25,22
25,21
25,20
25,19
25,18
25,17
25,16
25,16
25,17
25,18
25,19
25,20
25,21
25,22
25,23
25,24
25,25
25,26
25,27
25,28
25,29
25,30
25,31
25,32
25,33
25,34
25,35
25,36
25,37
25,38
25,39
25,40
25,41
25,42
25,43
25,44
25,45
25,46
25,47
25,48
25,49
25,49
25,50
25,51
25,52
25,53
25,54
25,55
25,56
25,57
25,58
25,59
25,60
25,61
25,62
25,63
25,64
25,65
25,66
25,67
25,68
25,69
25,70
25,71
25,72
25,73
25,74
25,75
25,76
25,77
25,78
25,79
25,79
24,79
23,79
22,79
21,79
20,79
19,79
18,79
17,79
16,79
15,79
14,79
13,79
12,79
12,79
12,80
12,81
12,82
12,83
12,84
12,85
12,86
12,87
12,88
12,89
12,90
12,91
12,92
12,93
12,94
12,95
12,96
12,96
13,97
14,98
15,99
16,100
17,101
18,102
19,103
20,104
21,105
22,106
23,107
24,108
25,109
26,110
27,111
28,112
29,113
30,114
31,115
32,116
33,117
34,118
35,119
36,120
37,121
38,122
39,123
40,124
41,125
42,126
43,127
44,128
45,129
46,130
47,131
48,132
48,132
47,132
46,132
45,132
44,132
43,132
42,132
41,132
40,132
39,132
38,132
37,132
36,132
35,132
34,132
33,132
32,132
31,132
30,132
29,132
28,132
27,132
26,132
25,132
24,132
23,132
22,132
21,132
21,132
21,133
21,134
21,135
21,136
21,137
21,138
21,139
21,140
21,141
21,142
21,143
21,144
21,145
21,146
21,147
21,148
21,149
21,150
21,151
21,152
21,153
21,154
21,155
21,156
21,157
21,158
21,159
21,160
21,161
21,162
21,162
20,162
19,162
18,162
17,162
16,162
15,162
14,162
13,162
12,162
11,162
10,162
9,162
8,162
7,162
6,162
5,162
4,162
3,162
2,162
1,162
0,162
0,162
0,163
0,164
0,165
0,166
0,167
0,168
0,169
0,170
0,171
0,172
0,173
0,174
0,175
0,176
0,177
0,178
0,179
0,180
0,180
0,179
0,178
0,177
0,176
0,175
0,174
0,173
0,172
0,171
0,170
0,169
0,168
0,167
0,166
0,165
0,164
0,164
0,163
0,162
0,161
0,160
0,159
0,158
0,157
0,156
0,155
0,154
0,153
0,152
0,151
0,150
0,149
0,148
0,147
0,146
0,145
0,145
0,146
0,147
0,148
0,149
0,150
0,151
0,152
0,153
0,154
0,155
0,156
0,157
0,158
0,159
0,160
0,161
0,162
0,163
0,164
0,165
0,166
0,167
0,168
0,169
0,170
---
100,50
100,51
100,52
100,53
100,54
100,55
100,56
100,57
100,58
100,59
100,60
100,61
100,62
100,63
100,64
100,65
100,66
100,67
100,68
100,69
100,70
100,71
100,72
100,73
100,74
100,75
100,76
100,77
100,78
100,79
100,80
100,81
100,82
100,83
100,84
100,85
100,86
100,87
100,88
100,89
100,90
100,90
99,91
98,92
97,93
96,94
95,95
94,96
93,97
92,98
91,99
90,100
89,101
88,102
87,103
86,104
85,105
85,105
84,105
83,105
82,105
81,105
80,105
79,105
78,105
77,105
76,105
75,105
75,105
75,104
75,103
75,102
75,101
75,100
75,99
75,98
75,97
75,96
75,95
75,94
75,93
75,92
75,91
75,90
75,89
75,88
75,87
75,86
75,85
75,84
75,83
75,82
75,81
75,80
75,79
75,78
75,77
75,76
75,75
75,74
75,73
75,72
75,71
75,70
75,69
75,68
75,67
75,66
75,65
75,64
75,63
75,62
75,61
75,60
75,59
75,58
75,57
75,56
75,55
75,54
75,53
75,52
75,51
75,50
75,49
75,48
75,47
75,46
75,45
75,44
75,43
75,42
75,41
75,40
75,39
75,38
75,37
75,36
75,35
75,35
76,35
77,35
78,35
79,35
80,35
81,35
82,35
83,35
84,35
85,35
85,35
86,36
87,37
88,38
89,39
90,40
91,41
92,42
93,43
94,44
95,45
96,46
97,47
98,48
99,49
100,50
---
98,12
98,12
97,12
96,12
95,12
94,12
93,12
92,12
91,12
90,12
89,12
88,12
87,12
86,12
85,12
84,12
83,12
82,12
81,12
80,12
79,12
78,12
77,12
76,12
75,12
74,12
73,12
72,12
71,12
70,12
69,12
68,12
67,12
66,12
65,12
64,12
63,12
62,12
61,12
60,12
60,12
59,11
58,10
57,9
56,8
55,7
54,6
53,5
53,5
54,5
55,5
56,5
57,5
58,5
59,5
60,5
61,5
62,5
63,5
64,5
65,5
66,5
67,5
68,5
69,5
70,5
71,5
72,5
73,5
74,5
75,5
76,5
77,5
78,5
79,5
80,5
81,5
82,5
83,5
84,5
85,5
86,5
87,5
88,5
89,5
90,5
90,5
91,5
92,5
93,5
94,5
95,5
96,5
97,5
98,5
99,5
100,5
101,5
102,5
103,5
104,5
105,5
106,5
107,5
108,5
109,5
110,5
111,5
112,5
113,5
114,5
115,5
116,5
117,5
118,5
119,5
120,5
121,5
122,5
123,5
124,5
125,5
126,5
127,5
127,5
127,5
128,5
129,5
130,5
131,5
132,5
133,5
134,5
135,5
136,5
137,5
137,5
136,6
135,7
134,8
133,9
132,10
131,11
130,12
129,13
128,14
127,15
126,16
125,17
124,18
123,19
122,20
121,21
120,22
119,23
118,24
117,25
116,26
115,27
114,28
114,28
115,28
116,28
117,28
118,28
119,28
120,28
121,28
122,28
123,28
124,28
125,28
126,28
127,28
128,28
129,28
130,28
131,28
132,28
133,28
134,28
135,28
136,28
137,28
138,28
139,28
140,28
141,28
141,28
141,27
141,26
141,25
141,24
141,23
141,22
141,21
141,20
141,19
141,18
141,17
141,16
141,15
141,14
141,13
141,12
141,11
141,10
141,9
141,8
141,7
141,6
141,5
141,5
141,5
142,5
143,5
144,5
145,5
146,5
147,5
148,5
149,5
150,5
151,5
152,5
153,5
154,5
155,5
156,5
157,5
158,5
158,5
158,6
158,7
158,8
158,9
158,10
158,11
158,12
158,13
158,14
158,15
158,16
158,17
158,18
158,19
158,20
158,21
158,22
158,23
158,24
158,25
158,26
158,27
158,28
158,29
158,30
158,31
158,32
158,33
158,34
158,35
158,36
158,37
158,38
158,39
158,40
158,40
159,40
160,40
161,40
162,40
163,40
164,40
165,40
166,40
167,40
168,40
169,40
170,40
171,40
172,40
173,40
174,40
175,40
176,40
177,40
178,40
179,40
180,40
181,40
182,40
183,40
184,40
185,40
186,40
187,40
188,40
189,40
---
22,40
22,40
21,40
20,40
19,40
18,40
17,40
16,40
15,40
14,40
13,40
12,40
11,40
10,40
9,40
8,40
7,40
6,40
5,40
4,40
3,40
2,40
2,40
1,40
0,40
0,40
0,39
0,38
0,37
0,36
0,35
0,34
0,33
0,32
0,31
0,30
0,29
0,28
0,27
0,26
0,25
0,24
0,23
0,22
0,21
0,21
0,22
0,23
0,24
0,25
0,26
0,27
0,28
0,29
0,30
0,31
0,32
0,33
0,34
0,35
0,36
0,37
0,38
0,39
0,40
0,41
0,42
0,43
0,44
0,45
0,46
0,47
0,48
0,49
0,50
0,51
0,52
0,53
0,54
0,55
0,56
0,56
1,56
2,56
3,56
4,56
5,56
6,56
7,56
8,56
9,56
10,56
11,56
12,56
13,56
14,56
15,56
16,56
17,56
18,56
19,56
20,56
21,56
22,56
23,56
24,56
25,56
26,56
27,56
28,56
28,56
27,56
26,56
25,56
24,56
23,56
22,56
21,56
20,56
19,56
18,56
17,56
16,56
15,56
14,56
13,56
12,56
11,56
10,56
9,56
8,56
7,56
6,56
5,56
4,56
3,56
2,56
1,56
0,56
0,56
0,57
0,58
0,59
0,60
0,61
0,62
0,63
0,64
0,65
0,66
0,67
0,68
0,69
0,70
0,71
0,72
0,73
0,74
0,75
0,76
0,77
0,78
0,79
0,80
0,81
0,82
0,83
0,84
0,85
0,86
0,87
0,88
0,89
0,90
0,91
0,91
0,91
0,91
1,90
2,89
3,88
4,87
5,86
6,85
7,84
8,83
9,82
10,81
11,80
12,79
13,78
14,77
15,76
16,75
17,74
18,73
19,72
20,71
21,70
22,69
23,68
24,67
25,66
25,66
24,67
23,68
22,69
21,70
20,71
19,72
18,73
17,74
16,75
15,76
14,77
13,78
12,79
11,80
10,81
9,82
8,83
7,84
7,84
8,84
9,84
10,84
11,84
12,84
13,84
14,84
15,84
16,84
17,84
18,84
19,84
20,84
21,84
22,84
23,84
24,84
25,84
26,84
27,84
28,84
29,84
30,84
31,84
32,84
33,84
34,84
35,84
36,84
37,84
38,84
39,84
40,84
41,84
42,84
43,84
44,84
45,84
---
70,100
70,99
70,98
70,97
70,96
70,95
70,94
70,93
70,92
70,91
70,90
70,89
70,88
70,87
70,86
70,85
70,84
70,83
70,82
70,81
70,80
70,79
70,78
70,77
70,76
70,75
70,74
70,73
70,72
70,71
70,70
70,69
70,68
70,67
70,66
70,65
70,64
70,63
70,62
70,61
70,60
70,59
70,58
70,57
70,56
70,55
70,54
70,53
70,52
70,51
70,50
70,49
70,48
70,47
70,46
70,45
70,44
70,43
70,42
70,41
70,40
70,40
69,39
68,38
67,37
66,36
65,35
64,34
63,33
62,32
61,31
60,30
60,30
59,30
58,30
57,30
56,30
55,30
54,30
53,30
52,30
51,30
50,30
50,30
49,31
48,32
47,33
46,34
45,35
44,36
43,37
42,38
41,39
40,40
---
87,24
87,24
88,24
89,24
90,24
91,24
92,24
93,24
94,24
95,24
96,24
97,24
98,24
99,24
100,24
101,24
102,24
103,24
103,24
103,23
103,22
103,21
103,20
103,19
103,18
103,17
103,16
103,15
103,14
103,13
103,12
103,11
103,11
104,10
105,9
106,8
107,7
108,6
109,5
109,5
109,5
110,5
111,5
112,5
113,5
114,5
115,5
116,5
117,5
118,5
119,5
120,5
121,5
122,5
123,5
124,5
125,5
126,5
127,5
128,5
129,5
130,5
131,5
132,5
133,5
134,5
135,5
136,5
137,5
137,5
138,5
139,5
140,5
141,5
142,5
143,5
144,5
145,5
146,5
147,5
148,5
149,5
150,5
151,5
152,5
153,5
154,5
155,5
155,5
154,6
153,7
152,8
151,9
150,10
149,11
148,12
147,13
146,14
145,15
144,16
143,17
142,18
141,19
140,20
139,21
138,22
137,23
136,24
135,25
134,26
133,27
132,28
131,29
130,30
129,31
128,32
127,33
126,34
125,35
124,36
123,37
122,38
121,39
120,40
119,41
118,42
118,42
119,42
120,42
121,42
122,42
123,42
124,42
125,42
126,42
127,42
128,42
129,42
130,42
131,42
132,42
133,42
134,42
135,42
136,42
137,42
138,42
139,42
140,42
141,42
142,42
143,42
144,42
145,42
146,42
147,42
148,42
149,42
150,42
151,42
152,42
152,42
151,42
150,42
149,42
148,42
147,42
146,42
145,42
144,42
143,42
142,42
141,42
140,42
139,42
138,42
137,42
136,42
135,42
134,42
133,42
132,42
131,42
130,42
129,42
129,42
130,42
131,42
132,42
133,42
134,42
135,42
136,42
137,42
138,42
139,42
140,42
141,42
142,42
143,42
144,42
145,42
146,42
146,42
146,43
146,44
146,45
146,46
146,47
146,48
146,49
146,50
146,51
146,52
146,53
146,54
146,55
146,56
146,57
146,58
146,59
146,60
146,61
146,62
146,63
146,64
146,65
146,65
146,64
146,63
146,62
146,61
146,60
146,59
146,58
146,57
146,56
146,55
146,55
147,55
148,55
149,55
150,55
151,55
152,55
153,55
154,55
155,55
156,55
157,55
158,55
159,55
159,55
159,54
159,53
159,52
159,51
159,50
159,49
159,48
159,47
159,46
159,45
159,44
159,43
159,43
158,44
157,45
156,46
155,47
154,48
153,49
152,50
151,51
150,52
149,53
148,54
147,55
---
11,46
11,46
10,45
9,44
8,43
7,42
6,41
5,40
4,39
3,38
2,37
1,36
0,35
0,34
0,33
0,32
0,31
0,30
0,30
0,30
0,30
1,30
2,30
3,30
4,30
5,30
6,30
7,30
8,30
9,30
10,30
11,30
12,30
13,30
14,30
15,30
16,30
17,30
18,30
19,30
20,30
21,30
22,30
23,30
24,30
25,30
26,30
27,30
28,30
29,30
30,30
31,30
32,30
32,30
33,29
34,28
35,27
36,26
37,25
38,24
39,23
40,22
41,21
42,20
43,19
44,18
45,17
46,16
47,15
48,14
49,13
50,12
51,11
52,10
53,9
54,8
55,7
56,6
57,5
57,5
58,5
59,5
60,5
61,5
62,5
63,5
64,5
65,5
66,5
67,5
68,5
69,5
70,5
71,5
72,5
73,5
74,5
75,5
76,5
77,5
78,5
78,5
79,5
80,5
81,5
82,5
83,5
84,5
85,5
86,5
87,5
88,5
89,5
90,5
91,5
92,5
93,5
94,5
95,5
96,5
96,5
96,5
95,5
94,5
93,5
92,5
91,5
90,5
89,5
88,5
87,5
86,5
85,5
84,5
83,5
82,5
81,5
80,5
79,5
78,5
77,5
77,5
76,6
75,7
74,8
73,9
72,10
71,11
70,12
69,13
68,14
67,15
66,16
65,17
64,18
63,19
62,20
61,21
60,22
59,23
58,24
57,25
56,26
55,27
54,28
53,29
53,29
54,30
55,31
56,32
57,33
58,34
59,35
60,36
61,37
62,38
63,39
64,40
65,41
66,42
67,43
68,44
69,45
70,46
70,46
70,45
70,44
70,43
70,42
70,41
70,40
70,39
70,38
70,37
70,36
70,35
70,34
70,33
70,32
70,31
70,30
70,29
70,28
70,27
70,26
70,25
70,24
70,23
70,22
70,21
70,20
70,19
70,18
70,17
70,16
70,15
70,14
70,13
70,12
70,12
69,13
68,14
67,15
66,16
65,17
64,18
63,19
62,20
61,21
60,22
59,23
58,24
57,25
56,26
55,27
54,28
53,29
52,30
51,31
50,32
49,33
48,34
47,35
46,36
45,37
44,38
43,39
42,40
41,41
41,41
40,41
39,41
38,41
37,41
36,41
35,41
34,41
33,41
32,41
31,41
30,41
29,41
28,41
27,41
26,41
25,41
24,41
23,41
22,41
21,41
20,41
19,41
18,41
---
97,11
97,11
97,10
97,9
97,8
97,7
97,6
97,5
97,5
97,6
97,7
97,8
97,9
97,10
97,11
97,12
97,13
97,14
97,15
97,16
97,17
97,18
97,19
97,20
97,21
97,22
97,23
97,24
97,25
97,26
97,27
97,28
97,29
97,30
97,31
97,32
97,33
97,34
97,35
97,36
97,37
97,38
97,39
97,40
97,41
97,42
97,43
97,43
96,44
95,45
94,46
93,47
92,48
91,49
90,50
89,51
88,52
87,53
86,54
85,55
84,56
83,57
82,58
81,59
80,60
79,61
78,62
77,63
76,64
75,65
74,66
73,67
72,68
71,69
70,70
69,71
68,72
67,73
66,74
65,75
64,76
64,76
63,76
62,76
61,76
60,76
59,76
58,76
57,76
56,76
55,76
54,76
53,76
52,76
52,76
51,75
50,74
49,73
48,72
47,71
46,70
45,69
44,68
43,67
42,66
41,65
40,64
39,63
38,62
37,61
36,60
36,60
36,59
36,58
36,57
36,56
36,55
36,54
36,53
36,52
36,51
36,50
36,49
36,48
36,47
36,46
36,45
36,44
36,43
36,42
36,41
36,40
36,39
36,38
36,37
36,36
36,35
36,34
36,33
36,32
36,32
37,32
38,32
39,32
40,32
41,32
42,32
43,32
44,32
45,32
46,32
47,32
48,32
49,32
50,32
51,32
52,32
53,32
54,32
54,32
53,32
52,32
51,32
50,32
49,32
48,32
47,32
46,32
45,32
44,32
43,32
42,32
41,32
41,32
40,32
39,32
38,32
37,32
36,32
35,32
34,32
33,32
32,32
31,32
30,32
29,32
28,32
27,32
26,32
25,32
24,32
23,32
22,32
21,32
20,32
19,32
18,32
17,32
16,32
15,32
14,32
13,32
12,32
11,32
10,32
9,32
8,32
7,32
7,32
6,32
5,32
4,32
3,32
2,32
1,32
0,32
0,32
0,33
0,34
0,35
0,36
0,37
0,38
0,39
0,40
0,41
0,42
0,43
0,44
0,45
0,46
0,47
0,48
0,49
0,50
0,51
0,52
0,53
0,54
0,55
0,56
0,57
0,58
0,59
0,60
0,61
0,62
0,63
0,64
0,65
0,66
0,67
0,68
0,69
0,70
0,71
0,71
1,70
2,69
3,68
4,67
5,66
6,65
7,64
8,63
9,62
10,61
11,60
12,59
13,58
14,57
15,56
16,55
17,54
18,53
19,52
20,51
21,50
22,49
23,48
24,47
25,46
26,45
27,44
28,43
29,42
29,42
29,41
29,40
29,39
29,38
29,37
29,36
29,35
29,34
29,33
29,32
29,31
29,30
29,29
29,28
29,27
29,26
29,25
29,24
29,23
29,22
29,21
29,20
---
38,80
38,80
39,80
40,80
41,80
42,80
43,80
44,80
45,80
46,80
47,80
48,80
49,80
50,80
51,80
52,80
53,80
54,80
55,80
56,80
57,80
58,80
59,80
60,80
61,80
62,80
63,80
64,80
65,80
66,80
67,80
68,80
69,80
70,80
70,80
71,80
72,80
73,80
74,80
75,80
76,80
77,80
78,80
79,80
80,80
81,80
82,80
83,80
84,80
85,80
86,80
87,80
87,80
86,80
85,80
84,80
83,80
82,80
81,80
80,80
79,80
78,80
77,80
76,80
75,80
74,80
74,80
73,80
72,80
71,80
70,80
69,80
68,80
67,80
66,80
65,80
64,80
63,80
62,80
61,80
60,80
59,80
58,80
57,80
56,80
55,80
54,80
53,80
52,80
51,80
50,80
50,80
51,79
52,78
53,77
54,76
55,75
56,74
57,73
58,72
59,71
60,70
61,69
62,68
63,67
64,66
65,65
66,64
67,63
68,62
69,61
70,60
71,59
72,58
73,57
74,56
75,55
76,54
77,53
78,52
79,51
80,50
81,49
81,49
81,50
81,51
81,52
81,53
81,54
81,55
81,56
81,57
81,58
81,59
81,60
81,61
81,62
81,63
81,64
81,65
81,66
81,67
81,68
81,69
81,70
81,71
81,72
81,73
81,74
81,75
81,76
81,77
81,78
81,79
81,80
81,81
81,82
81,82
82,82
83,82
84,82
85,82
86,82
87,82
88,82
89,82
90,82
91,82
92,82
93,82
94,82
95,82
96,82
97,82
98,82
99,82
100,82
101,82
101,82
100,83
99,84
98,85
97,86
96,87
95,88
94,89
93,90
92,91
91,92
90,93
89,94
88,95
87,96
86,97
85,98
84,99
83,100
82,101
81,102
80,103
79,104
78,105
77,106
76,107
75,108
74,109
73,110
72,111
71,112
71,112
72,112
73,112
74,112
75,112
76,112
77,112
78,112
79,112
80,112
81,112
82,112
83,112
83,112
84,112
85,112
86,112
87,112
88,112
89,112
90,112
91,112
92,112
93,112
94,112
95,112
96,112
97,112
98,112
99,112
99,112
98,113
97,114
96,115
95,116
94,117
93,118
92,119
91,120
90,121
89,122
88,123
87,124
86,125
85,126
84,127
83,128
82,129
82,129
81,129
80,129
79,129
78,129
77,129
76,129
75,129
74,129
73,129
72,129
71,129
70,129
69,129
68,129
67,129
66,129
65,129
64,129
63,129
62,129
61,129
60,129
59,129
58,129
57,129
56,129
55,129
54,129
53,129
52,129
51,129
50,129
49,129
48,129
47,129
46,129
45,129
45,129
44,130
43,131
42,132
41,133
40,134
39,135
38,136
37,137
36,138
35,139
34,140
33,141
32,142
31,143
30,144
29,145
28,146
27,147
26,148
25,149
25,149
25,148
25,147
25,146
25,145
25,144
25,143
25,142
25,141
25,140
25,139
25,138
25,137
25,136
25,135
25,134
25,133
---
17,48
17,48
17,47
17,46
17,45
17,44
17,43
17,42
17,41
17,40
17,39
17,38
17,37
17,36
17,35
17,34
17,33
17,32
17,31
17,30
17,29
17,28
17,27
17,26
17,25
17,25
17,26
17,27
17,28
17,29
17,30
17,31
17,32
17,33
17,34
17,35
17,36
17,37
17,38
17,39
17,40
17,41
17,42
17,43
17,44
17,45
17,46
17,47
17,48
17,49
17,50
17,51
17,52
17,53
17,54
17,55
17,56
17,57
17,57
18,57
19,57
20,57
21,57
22,57
23,57
24,57
25,57
26,57
27,57
28,57
29,57
30,57
31,57
32,57
33,57
34,57
35,57
36,57
37,57
38,57
39,57
40,57
41,57
42,57
43,57
44,57
45,57
46,57
47,57
48,57
49,57
50,57
51,57
52,57
53,57
54,57
55,57
56,57
56,57
55,58
54,59
53,60
52,61
51,62
50,63
49,64
48,65
47,66
46,67
45,68
44,69
43,70
42,71
41,72
40,73
39,74
38,75
37,76
36,77
35,78
34,79
34,79
35,78
36,77
37,76
38,75
39,74
40,73
41,72
42,71
43,70
44,69
44,69
44,70
44,71
44,72
44,73
44,74
44,75
44,76
44,77
44,78
44,79
44,80
44,81
44,82
44,83
44,84
44,85
44,86
44,87
44,88
44,89
44,90
44,91
44,92
44,93
44,94
44,95
44,96
44,97
44,98
44,99
44,99
43,99
42,99
41,99
40,99
39,99
38,99
37,99
36,99
35,99
34,99
33,99
32,99
31,99
30,99
29,99
28,99
27,99
26,99
25,99
24,99
23,99
22,99
21,99
20,99
19,99
18,99
17,99
16,99
15,99
14,99
13,99
12,99
11,99
10,99
9,99
9,99
8,99
7,99
6,99
5,99
4,99
3,99
2,99
1,99
0,99
0,99
1,99
2,99
3,99
4,99
5,99
6,99
7,99
8,99
9,99
10,99
11,99
12,99
13,99
14,99
15,99
16,99
17,99
18,99
19,99
20,99
21,99
22,99
23,99
24,99
25,99
26,99
26,99
25,98
24,97
23,96
22,95
21,94
20,93
19,92
18,91
17,90
16,89
15,88
14,87
13,86
12,85
12,85
13,85
14,85
15,85
16,85
17,85
18,85
19,85
20,85
21,85
22,85
22,85
22,86
22,87
22,88
22,89
22,90
22,91
22,92
22,93
22,94
22,95
22,96
22,97
22,98
22,99
22,100
22,101
22,102
22,103
22,104
22,105
22,106
22,107
22,108
22,109
22,110
22,111
22,112
22,113
22,114
22,115
22,116
22,117
22,118
22,118
21,118
20,118
19,118
18,118
17,118
16,118
15,118
14,118
13,118
12,118
---
12,33
12,33
11,33
10,33
9,33
8,33
7,33
6,33
5,33
4,33
3,33
2,33
1,33
0,33
0,33
0,34
0,35
0,36
0,37
0,38
0,39
0,40
0,41
0,42
0,43
0,44
0,45
0,46
0,47
0,48
0,49
0,50
0,50
0,50
1,50
2,50
3,50
4,50
5,50
6,50
7,50
8,50
9,50
10,50
11,50
12,50
13,50
14,50
15,50
16,50
17,50
18,50
19,50
20,50
21,50
22,50
22,50
23,51
24,52
25,53
26,54
27,55
28,56
29,57
30,58
31,59
32,60
33,61
34,62
35,63
36,64
37,65
38,66
39,67
40,68
41,69
41,69
42,68
43,67
44,66
45,65
46,64
47,63
48,62
49,61
50,60
51,59
52,58
53,57
54,56
55,55
56,54
57,53
58,52
59,51
60,50
61,49
62,48
63,47
64,46
65,45
66,44
67,43
68,42
69,41
69,41
70,41
71,41
72,41
73,41
74,41
75,41
76,41
77,41
78,41
79,41
80,41
81,41
82,41
83,41
84,41
84,41
85,42
86,43
87,44
88,45
89,46
90,47
91,48
92,49
93,50
94,51
95,52
96,53
97,54
98,55
99,56
100,57
101,58
102,59
103,60
104,61
105,62
106,63
106,63
106,62
106,61
106,60
106,59
106,58
106,57
106,56
106,55
106,54
106,53
106,52
106,51
106,50
106,49
106,48
106,47
106,46
106,45
106,44
106,43
106,42
106,41
106,40
106,39
106,38
106,37
106,36
106,35
106,34
106,33
106,32
106,31
106,30
106,29
106,28
106,27
106,26
106,26
105,26
104,26
103,26
102,26
101,26
100,26
99,26
98,26
97,26
96,26
95,26
94,26
93,26
92,26
91,26
90,26
89,26
88,26
87,26
86,26
85,26
84,26
83,26
82,26
81,26
80,26
79,26
78,26
77,26
76,26
75,26
74,26
73,26
72,26
71,26
70,26
69,26
69,26
70,26
71,26
72,26
73,26
74,26
75,26
76,26
77,26
78,26
79,26
80,26
81,26
82,26
83,26
84,26
85,26
86,26
87,26
88,26
89,26
90,26
91,26
92,26
93,26
94,26
95,26
96,26
96,26
95,26
94,26
93,26
92,26
91,26
90,26
89,26
88,26
87,26
86,26
85,26
84,26
83,26
82,26
81,26
80,26
79,26
78,26
77,26
76,26
75,26
---
98,88
98,88
97,88
96,88
95,88
94,88
93,88
92,88
91,88
90,88
89,88
88,88
87,88
86,88
85,88
84,88
83,88
82,88
81,88
80,88
79,88
79,88
78,89
77,90
76,91
75,92
74,93
73,94
72,95
71,96
70,97
69,98
68,99
67,100
66,101
65,102
64,103
64,103
64,104
64,105
64,106
64,107
64,108
64,109
64,110
64,111
64,112
64,113
64,114
64,115
64,116
64,117
64,118
64,119
64,120
64,121
64,122
64,123
64,124
64,125
64,126
64,127
64,128
64,128
64,127
64,126
64,125
64,124
64,123
64,122
64,121
64,120
64,119
64,118
64,117
64,116
64,115
64,114
64,113
64,112
64,111
64,110
64,109
64,108
64,107
64,106
64,105
64,104
64,104
63,105
62,106
61,107
60,108
59,109
58,110
57,111
56,112
55,113
54,114
53,115
52,116
51,117
50,118
49,119
48,120
47,121
46,122
45,123
44,124
43,125
42,126
41,127
40,128
39,129
39,129
39,128
39,127
39,126
39,125
39,124
39,123
39,122
39,121
39,120
39,119
39,118
39,117
39,116
39,115
39,114
39,113
39,112
39,111
39,110
39,109
39,108
39,107
39,106
39,105
39,104
39,103
39,102
39,101
39,100
39,99
39,99
38,100
37,101
36,102
35,103
34,104
33,105
32,106
31,107
30,108
29,109
28,110
27,111
26,112
25,113
24,114
23,115
22,116
21,117
20,118
19,119
18,120
17,121
16,122
15,123
14,124
14,124
13,124
12,124
11,124
10,124
9,124
8,124
7,124
6,124
5,124
4,124
3,124
2,124
1,124
0,124
0,124
0,125
0,126
0,127
0,128
0,129
0,130
0,131
0,132
0,133
0,134
0,135
0,136
0,137
0,138
0,139
0,140
0,141
0,142
0,143
0,144
0,145
0,145
0,144
0,143
0,142
0,141
0,140
0,139
0,138
0,137
0,136
0,135
0,134
0,133
0,133
1,133
2,133
3,133
4,133
5,133
6,133
7,133
8,133
9,133
10,133
11,133
12,133
13,133
14,133
14,133
13,133
12,133
11,133
10,133
9,133
8,133
7,133
6,133
5,133
4,133
3,133
2,133
1,133
1,133
2,133
3,133
4,133
5,133
6,133
7,133
8,133
9,133
10,133
11,133
11,133
10,133
9,133
8,133
7,133
6,133
5,133
4,133
3,133
2,133
1,133
0,133
0,133
0,132
0,131
0,130
0,129
0,128
0,127
0,126
0,125
0,124
0,123
0,122
0,121
0,120
0,119
0,118
0,117
0,116
0,115
0,114
0,113
0,112
0,111
0,110
0,109
0,108
0,107
0,106
0,105
0,104
---
99,85
99,85
100,86
101,87
102,88
103,89
104,90
105,91
106,92
107,93
108,94
109,95
110,96
111,97
112,98
113,99
114,100
115,101
116,102
117,103
118,104
119,105
120,106
121,107
122,108
123,109
124,110
125,111
126,112
127,113
128,114
129,115
130,116
131,117
132,118
133,119
134,120
135,121
136,122
137,123
138,124
138,124
138,125
138,126
138,127
138,128
138,129
138,130
138,131
138,132
138,133
138,134
138,135
138,136
138,136
139,137
140,138
141,139
142,140
143,141
144,142
145,143
146,144
147,145
148,146
149,147
150,148
151,149
152,150
153,151
154,152
155,153
156,154
157,155
158,156
159,157
160,158
161,159
162,160
163,161
164,162
165,163
166,164
167,165
168,166
169,167
169,167
170,168
171,169
172,170
173,171
174,172
175,173
176,174
177,175
178,176
179,177
180,178
181,179
182,180
183,181
184,182
185,183
186,184
187,185
188,186
189,187
189,187
188,188
187,189
186,190
185,191
184,192
183,193
182,194
181,195
180,196
179,197
178,198
177,199
176,200
175,201
174,202
173,203
172,204
171,205
170,206
169,207
168,208
167,209
166,210
165,211
164,212
164,212
164,213
164,214
164,215
164,216
164,217
164,218
164,219
164,220
164,221
164,222
164,223
164,224
164,225
164,226
164,227
164,228
164,229
164,230
164,231
164,232
164,233
164,234
164,235
164,236
164,237
164,238
164,239
164,240
164,241
164,241
164,242
164,243
164,244
164,245
164,246
164,247
164,248
164,249
164,250
164,251
164,252
164,253
164,254
164,255
164,256
164,257
164,258
164,259
164,260
164,261
164,262
164,263
164,264
164,265
164,266
164,267
164,268
164,269
164,270
164,271
164,272
164,273
164,274
164,275
164,276
164,277
164,278
164,278
163,279
162,280
161,281
160,282
159,283
158,284
157,285
156,286
155,287
154,288
153,289
152,290
151,291
150,292
149,293
148,294
147,295
146,296
145,297
144,298
143,299
143,299
144,299
145,299
146,299
147,299
148,299
149,299
150,299
151,299
152,299
153,299
154,299
155,299
155,299
156,299
157,299
158,299
159,299
160,299
161,299
162,299
163,299
164,299
165,299
166,299
167,299
168,299
169,299
170,299
171,299
172,299
173,299
174,299
175,299
176,299
177,299
178,299
179,299
180,299
181,299
182,299
182,299
182,300
182,301
182,302
182,303
182,304
182,305
182,306
182,307
182,308
182,309
182,310
182,311
182,312
182,313
182,314
182,315
182,316
182,317
182,318
182,318
182,319
182,320
182,321
182,322
182,323
182,324
182,325
182,326
182,327
182,328
182,329
182,330
182,331
182,332
182,333
182,334
182,335
182,336
182,337
182,338
182,339
182,340
182,341
182,342
182,342
181,342
180,342
179,342
178,342
177,342
176,342
175,342
174,342
173,342
172,342
171,342
170,342
169,342
168,342
167,342
166,342
165,342
164,342
163,342
162,342
161,342
160,342
159,342
158,342
157,342
156,342
155,342
154,342
153,342
152,342
151,342
150,342
---
72,46
72,46
71,45
70,44
69,43
68,42
67,41
66,40
65,39
64,38
63,37
62,36
61,35
60,34
59,33
58,32
57,31
56,30
55,29
54,28
53,27
52,26
52,26
51,26
50,26
49,26
48,26
47,26
46,26
45,26
44,26
43,26
42,26
41,26
40,26
39,26
38,26
37,26
36,26
35,26
34,26
33,26
32,26
31,26
30,26
29,26
28,26
27,26
26,26
25,26
24,26
23,26
22,26
21,26
20,26
19,26
18,26
17,26
16,26
15,26
14,26
14,26
13,26
12,26
11,26
10,26
9,26
8,26
7,26
6,26
5,26
4,26
3,26
2,26
1,26
0,26
0,26
1,27
2,28
3,29
4,30
5,31
6,32
7,33
8,34
9,35
10,36
11,37
12,38
13,39
14,40
15,41
16,42
17,43
18,44
19,45
20,46
21,47
22,48
23,49
24,50
25,51
26,52
27,53
28,54
29,55
30,56
31,57
32,58
32,58
32,59
32,60
32,61
32,62
32,63
32,64
32,65
32,66
32,67
32,68
32,69
32,70
32,71
32,72
32,73
32,74
32,75
32,76
32,77
32,78
32,79
32,80
32,81
32,82
32,83
32,84
32,85
32,85
33,85
34,85
35,85
36,85
37,85
38,85
39,85
40,85
41,85
42,85
43,85
44,85
45,85
46,85
47,85
48,85
49,85
50,85
51,85
52,85
53,85
54,85
55,85
56,85
57,85
58,85
59,85
60,85
61,85
62,85
63,85
64,85
65,85
66,85
67,85
67,85
66,85
65,85
64,85
63,85
62,85
61,85
60,85
59,85
58,85
57,85
56,85
55,85
54,85
53,85
52,85
51,85
50,85
49,85
48,85
47,85
46,85
45,85
44,85
43,85
42,85
42,85
42,84
42,83
42,82
42,81
42,80
42,79
42,78
42,77
42,76
42,75
42,74
42,73
42,72
42,71
42,70
42,69
42,68
42,67
42,66
42,65
42,64
42,63
42,62
42,61
42,60
42,59
42,58
42,57
42,56
42,55
42,54
42,54
42,55
42,56
42,57
42,58
42,59
42,60
42,61
42,62
42,63
42,64
42,65
42,66
42,67
42,67
41,66
40,65
39,64
38,63
37,62
36,61
35,60
34,59
33,58
32,57
31,56
30,55
29,54
28,53
27,52
26,51
25,50
24,49
23,48
22,47
21,46
20,45
19,44
18,43
17,42
16,41
15,40
14,39
13,38
12,37
11,36
10,35
9,34
8,33
7,32
6,31
5,30
5,30
6,30
7,30
8,30
9,30
10,30
11,30
12,30
13,30
14,30
15,30
16,30
17,30
17,30
18,31
19,32
20,33
21,34
22,35
23,36
24,37
25,38
26,39
27,40
28,41
29,42
30,43
31,44
32,45
33,46
34,47
35,48
36,49
37,50
38,51
39,52
40,53
41,54
42,55
43,56
44,57
---
88,71
88,71
87,71
86,71
85,71
84,71
83,71
82,71
81,71
80,71
79,71
78,71
77,71
76,71
75,71
75,71
74,72
73,73
72,74
71,75
70,76
69,77
68,78
67,79
66,80
65,81
64,82
63,83
62,84
61,85
60,86
59,87
58,88
57,89
56,90
55,91
55,91
55,90
55,89
55,88
55,87
55,86
55,85
55,84
55,83
55,82
55,81
55,81
56,81
57,81
58,81
59,81
60,81
61,81
62,81
63,81
64,81
65,81
66,81
67,81
68,81
69,81
70,81
71,81
72,81
73,81
74,81
75,81
76,81
77,81
78,81
79,81
80,81
81,81
82,81
82,81
83,82
84,83
85,84
86,85
87,86
88,87
89,88
90,89
91,90
92,91
93,92
94,93
95,94
96,95
97,96
98,97
99,98
100,99
101,100
102,101
103,102
104,103
105,104
106,105
107,106
108,107
109,108
110,109
111,110
112,111
113,112
114,113
115,114
116,115
117,116
118,117
119,118
120,119
120,119
120,120
120,121
120,122
120,123
120,124
120,125
120,126
120,127
120,128
120,129
120,130
120,131
120,132
120,133
120,134
120,135
120,136
120,137
120,138
120,139
120,140
120,141
120,142
120,143
120,144
120,145
120,146
120,147
120,148
120,149
120,150
120,151
120,152
120,152
121,152
122,152
123,152
124,152
125,152
126,152
127,152
128,152
129,152
130,152
131,152
132,152
133,152
134,152
135,152
136,152
137,152
138,152
139,152
140,152
141,152
142,152
143,152
144,152
145,152
146,152
147,152
147,152
147,153
147,154
147,155
147,156
147,157
147,158
147,159
147,160
147,161
147,162
147,163
147,164
147,165
147,166
147,167
147,168
147,169
147,170
147,171
147,172
147,173
147,174
147,175
147,176
147,177
147,178
147,179
147,180
147,181
147,182
147,183
147,184
147,185
147,186
147,187
147,188
147,189
147,189
147,190
147,191
147,192
147,193
147,194
147,195
147,196
147,197
147,198
147,199
147,200
147,201
147,202
147,203
147,204
147,205
147,206
147,207
147,208
147,209
147,209
147,210
147,211
147,212
147,213
147,214
147,215
147,216
147,217
147,218
147,219
147,220
147,221
147,222
147,223
147,224
147,225
147,226
147,227
147,228
147,229
147,230
147,231
147,232
147,233
147,234
147,235
147,236
147,237
147,238
147,239
147,240
147,241
147,241
148,241
149,241
150,241
151,241
152,241
153,241
154,241
155,241
156,241
157,241
158,241
159,241
160,241
161,241
162,241
163,241
164,241
165,241
166,241
167,241
168,241
169,241
170,241
171,241
172,241
172,241
172,240
172,239
172,238
172,237
172,236
172,235
172,234
172,233
172,232
172,231
172,230
172,229
172,228
172,227
172,226
172,225
172,224
172,223
172,222
172,221
172,220
172,219
172,218
172,217
172,216
172,215
172,214
172,213
172,212
172,211
172,210
172,209
172,208
---
30,70
30,69
30,68
30,67
30,66
30,65
30,64
30,63
30,62
30,61
30,60
30,59
30,58
30,57
30,56
30,55
30,54
30,53
30,52
30,51
30,50
30,49
30,48
30,47
30,46
30,45
30,44
30,43
30,42
30,41
30,40
30,39
30,38
30,37
30,36
30,35
30,34
30,33
30,32
30,31
30,30
30,29
30,28
30,27
30,26
30,25
30,24
30,23
30,22
30,21
30,20
30,20
31,20
32,20
33,20
34,20
35,20
36,20
37,20
38,20
39,20
40,20
41,20
42,20
43,20
44,20
45,20
46,20
47,20
48,20
49,20
50,20
51,20
52,20
53,20
54,20
55,20
56,20
57,20
58,20
59,20
60,20
61,20
62,20
63,20
64,20
65,20
66,20
67,20
68,20
69,20
70,20
70,20
70,21
70,22
70,23
70,24
70,25
70,26
70,27
70,28
70,29
70,30
70,31
70,32
70,33
70,34
70,35
70,36
70,37
70,38
70,39
70,40
70,41
70,42
70,43
70,44
70,45
70,46
70,47
70,48
70,49
70,50
70,51
70,52
70,53
70,54
70,55
70,56
70,57
70,58
70,59
70,60
70,61
70,62
70,63
70,64
70,65
70,66
70,67
70,68
70,69
70,70
---
16,47
16,47
16,46
16,45
16,44
16,43
16,42
16,41
16,40
16,39
16,38
16,37
16,36
16,35
16,34
16,33
16,32
16,31
16,30
16,29
16,28
16,27
16,26
16,25
16,24
16,23
16,22
16,21
16,20
16,19
16,18
16,17
16,17
16,18
16,19
16,20
16,21
16,22
16,23
16,24
16,25
16,26
16,27
16,28
16,29
16,30
16,31
16,32
16,33
16,34
16,35
16,36
16,37
16,38
16,38
17,38
18,38
19,38
20,38
21,38
22,38
23,38
24,38
25,38
26,38
27,38
28,38
29,38
30,38
31,38
31,38
30,38
29,38
28,38
27,38
26,38
25,38
24,38
23,38
22,38
21,38
20,38
19,38
18,38
17,38
16,38
15,38
14,38
13,38
12,38
11,38
10,38
9,38
8,38
7,38
6,38
5,38
4,38
3,38
2,38
1,38
0,38
0,38
0,39
0,40
0,41
0,42
0,43
0,44
0,45
0,46
0,47
0,48
0,49
0,50
0,50
1,50
2,50
3,50
4,50
5,50
6,50
7,50
8,50
9,50
10,50
11,50
12,50
13,50
14,50
15,50
16,50
17,50
18,50
19,50
20,50
21,50
22,50
23,50
24,50
25,50
26,50
27,50
28,50
29,50
30,50
31,50
32,50
32,50
33,50
34,50
35,50
36,50
37,50
38,50
39,50
40,50
41,50
42,50
42,50
42,49
42,48
42,47
42,46
42,45
42,44
42,43
42,42
42,41
42,40
42,39
42,38
42,37
42,36
42,35
42,34
42,33
42,32
42,31
42,30
42,29
42,28
42,28
41,28
40,28
39,28
38,28
37,28
36,28
35,28
34,28
33,28
32,28
31,28
30,28
29,28
28,28
27,28
26,28
25,28
24,28
23,28
22,28
21,28
20,28
19,28
18,28
17,28
16,28
15,28
14,28
13,28
12,28
12,28
12,27
12,26
12,25
12,24
12,23
12,22
12,21
12,20
12,19
12,18
12,17
12,17
12,16
12,15
12,14
12,13
12,12
12,11
12,10
12,9
12,8
12,7
12,6
12,5
12,5
11,5
10,5
9,5
8,5
7,5
6,5
5,5
4,5
3,5
2,5
1,5
0,5
0,5
0,5
1,5
2,5
3,5
4,5
5,5
6,5
7,5
8,5
9,5
10,5
11,5
12,5
13,5
14,5
15,5
16,5
17,5
18,5
19,5
20,5
21,5
22,5
23,5
24,5
25,5
26,5
27,5
28,5
29,5
30,5
31,5
32,5
33,5
34,5
35,5
36,5
37,5
---
30,70
30,69
30,68
30,67
30,66
30,65
30,64
30,63
30,62
30,61
30,60
30,59
30,58
30,57
30,56
30,55
30,54
30,53
30,52
30,51
30,50
30,49
30,48
30,47
30,46
30,45
30,44
30,43
30,42
30,41
30,40
30,39
30,38
30,37
30,36
30,35
30,34
30,33
30,32
30,31
30,30
30,29
30,28
30,27
30,26
30,25
30,24
30,23
30,22
30,21
30,20
30,19
30,18
30,17
30,16
30,15
30,14
30,13
30,12
30,11
30,10
30,10
31,10
32,10
33,10
34,10
35,10
36,10
37,10
38,10
39,10
40,10
41,10
42,10
43,10
44,10
45,10
46,10
47,10
48,10
49,10
50,10
---
83,68
83,68
83,69
83,70
83,71
83,72
83,73
83,74
83,75
83,76
83,77
83,78
83,79
83,80
83,81
83,82
83,83
83,84
83,85
83,86
83,87
83,88
83,89
83,90
83,91
83,92
83,93
83,94
83,95
83,96
83,97
83,98
83,98
83,99
83,100
83,101
83,102
83,103
83,104
83,105
83,106
83,107
83,108
83,109
83,110
83,111
83,112
83,113
83,114
83,115
83,116
83,117
83,117
82,117
81,117
80,117
79,117
78,117
77,117
76,117
75,117
74,117
73,117
72,117
71,117
70,117
69,117
68,117
67,117
66,117
65,117
64,117
63,117
62,117
61,117
60,117
59,117
58,117
57,117
56,117
55,117
54,117
53,117
53,117
52,117
51,117
50,117
49,117
48,117
47,117
46,117
45,117
44,117
43,117
42,117
41,117
40,117
39,117
38,117
37,117
36,117
35,117
34,117
33,117
32,117
31,117
30,117
29,117
28,117
27,117
26,117
25,117
24,117
23,117
22,117
21,117
20,117
19,117
18,117
17,117
16,117
15,117
15,117
14,117
13,117
12,117
11,117
10,117
9,117
8,117
7,117
6,117
5,117
4,117
3,117
3,117
4,117
5,117
6,117
7,117
8,117
9,117
10,117
11,117
12,117
13,117
14,117
15,117
16,117
17,117
18,117
19,117
20,117
21,117
22,117
23,117
23,117
22,117
21,117
20,117
19,117
18,117
17,117
16,117
15,117
14,117
13,117
12,117
11,117
10,117
9,117
8,117
7,117
6,117
5,117
4,117
3,117
2,117
1,117
0,117
0,117
1,117
2,117
3,117
4,117
5,117
6,117
7,117
8,117
9,117
10,117
11,117
12,117
13,117
14,117
15,117
16,117
17,117
18,117
19,117
20,117
21,117
22,117
23,117
23,117
24,117
25,117
26,117
27,117
28,117
29,117
30,117
31,117
32,117
33,117
34,117
35,117
36,117
37,117
38,117
39,117
40,117
41,117
42,117
43,117
44,117
45,117
46,117
47,117
48,117
49,117
50,117
51,117
52,117
53,117
54,117
54,117
53,118
52,119
51,120
50,121
49,122
48,123
47,124
46,125
45,126
44,127
43,128
42,129
41,130
40,131
39,132
38,133
37,134
36,135
35,136
34,137
33,138
32,139
31,140
30,141
29,142
28,143
28,143
28,142
28,141
28,140
28,139
28,138
28,137
28,136
28,135
28,134
28,133
28,132
28,131
28,130
28,129
28,128
28,127
28,126
28,125
28,124
28,123
28,122
28,121
28,120
28,119
28,119
28,118
28,117
28,116
28,115
28,114
28,113
28,112
28,111
28,110
28,109
28,108
28,107
28,106
28,105
28,104
28,103
28,102
28,101
28,100
28,99
28,98
28,97
28,96
28,95
28,94
28,93
28,92
28,91
28,90
28,89
28,88
28,87
28,86
28,85
---
86,7
86,7
86,6
86,5
86,5
87,5
88,5
89,5
90,5
91,5
92,5
93,5
94,5
95,5
96,5
97,5
98,5
99,5
100,5
101,5
102,5
103,5
104,5
105,5
106,5
107,5
108,5
109,5
110,5
111,5
112,5
113,5
114,5
115,5
116,5
117,5
118,5
119,5
120,5
120,5
120,6
120,7
120,8
120,9
120,10
120,11
120,12
120,13
120,14
120,15
120,16
120,17
120,18
120,19
120,20
120,21
120,22
120,23
120,24
120,25
120,26
120,27
120,28
120,29
120,30
120,31
120,31
120,30
120,29
120,28
120,27
120,26
120,25
120,24
120,23
120,22
120,21
120,20
120,19
120,18
120,17
120,16
120,15
120,14
120,13
120,12
120,11
120,10
120,9
120,8
120,7
120,6
120,5
120,5
121,5
122,5
123,5
124,5
125,5
126,5
127,5
128,5
129,5
130,5
130,5
131,5
132,5
133,5
134,5
135,5
136,5
137,5
138,5
139,5
140,5
141,5
142,5
143,5
144,5
145,5
146,5
146,5
146,6
146,7
146,8
146,9
146,10
146,11
146,12
146,13
146,14
146,15
146,16
146,17
146,18
146,19
146,20
146,21
146,22
146,23
146,24
146,25
146,26
146,27
146,28
146,29
146,30
146,31
146,32
146,33
146,34
146,35
146,36
146,37
146,38
146,39
146,39
147,38
148,37
149,36
150,35
151,34
152,33
153,32
154,31
155,30
156,29
157,28
158,27
159,26
160,25
161,24
162,23
163,22
164,21
165,20
166,19
167,18
168,17
169,16
170,15
171,14
172,13
173,12
174,11
175,10
176,9
177,8
178,7
179,6
180,5
180,5
179,6
178,7
177,8
176,9
175,10
174,11
173,12
172,13
171,14
170,15
169,16
168,17
167,18
166,19
165,20
164,21
163,22
162,23
161,24
160,25
159,26
158,27
157,28
156,29
155,30
154,31
153,32
152,33
151,34
150,35
149,36
148,37
147,38
147,38
148,39
149,40
150,41
151,42
152,43
153,44
154,45
155,46
156,47
157,48
158,49
159,50
160,51
161,52
162,53
163,54
164,55
165,56
166,57
167,58
168,59
169,60
170,61
171,62
172,63
173,64
174,65
175,66
176,67
176,67
177,66
178,65
179,64
180,63
181,62
182,61
183,60
184,59
185,58
186,57
187,56
188,55
189,54
190,53
191,52
192,51
193,50
194,49
195,48
196,47
197,46
198,45
199,44
200,43
201,42
202,41
202,41
201,41
200,41
199,41
198,41
197,41
196,41
195,41
194,41
193,41
192,41
191,41
190,41
189,41
188,41
187,41
186,41
185,41
184,41
183,41
182,41
181,41
180,41
179,41
178,41
177,41
176,41
175,41
174,41
173,41
172,41
171,41
170,41
169,41
168,41
167,41
---
63,15
63,15
63,14
63,13
63,12
63,11
63,10
63,9
63,8
63,7
63,6
63,5
63,5
63,6
63,7
63,8
63,9
63,10
63,11
63,12
63,13
63,14
63,15
63,16
63,17
63,18
63,19
63,20
63,21
63,22
63,23
63,24
63,25
63,26
63,27
63,28
63,29
63,30
63,31
63,32
63,33
63,34
63,35
63,36
63,37
63,38
63,39
63,40
63,41
63,42
63,43
63,43
64,43
65,43
66,43
67,43
68,43
69,43
70,43
71,43
72,43
73,43
74,43
75,43
76,43
77,43
78,43
79,43
80,43
81,43
82,43
82,43
81,43
80,43
79,43
78,43
77,43
76,43
75,43
74,43
73,43
72,43
71,43
70,43
69,43
68,43
67,43
66,43
65,43
64,43
63,43
63,43
64,43
65,43
66,43
67,43
68,43
69,43
70,43
71,43
72,43
73,43
74,43
75,43
76,43
77,43
78,43
78,43
79,43
80,43
81,43
82,43
83,43
84,43
85,43
86,43
87,43
88,43
89,43
90,43
91,43
92,43
93,43
94,43
95,43
96,43
97,43
98,43
99,43
100,43
101,43
102,43
103,43
104,43
105,43
106,43
107,43
108,43
109,43
110,43
111,43
112,43
112,43
111,44
110,45
109,46
108,47
107,48
106,49
105,50
104,51
103,52
102,53
101,54
100,55
99,56
98,57
97,58
96,59
95,60
94,61
93,62
92,63
91,64
90,65
89,66
88,67
87,68
86,69
85,70
85,70
84,70
83,70
82,70
81,70
80,70
79,70
78,70
77,70
76,70
75,70
74,70
73,70
72,70
71,70
70,70
69,70
68,70
67,70
66,70
66,70
66,69
66,68
66,67
66,66
66,65
66,64
66,63
66,62
66,61
66,60
66,59
66,58
66,57
66,56
66,55
66,54
66,53
66,52
66,51
66,50
66,49
66,48
66,47
66,46
66,45
66,44
66,43
66,42
66,41
66,40
66,39
66,38
66,37
66,36
66,35
66,34
66,34
65,33
64,32
63,31
62,30
61,29
60,28
59,27
58,26
57,25
56,24
55,23
54,22
53,21
52,20
51,19
50,18
49,17
48,16
47,15
46,14
45,13
44,12
43,11
42,10
41,9
40,8
39,7
38,6
37,5
37,5
38,5
39,5
40,5
41,5
42,5
43,5
44,5
45,5
46,5
47,5
48,5
49,5
50,5
51,5
52,5
53,5
54,5
55,5
56,5
57,5
58,5
59,5
60,5
61,5
62,5
63,5
64,5
65,5
66,5
67,5
68,5
69,5
70,5
71,5
72,5
73,5
74,5
75,5
75,5
---
74,3
74,3
74,3
75,3
76,3
77,3
78,3
79,3
80,3
81,3
82,3
83,3
84,3
85,3
86,3
87,3
88,3
89,3
90,3
91,3
92,3
93,3
94,3
95,3
96,3
96,3
95,3
94,3
93,3
92,3
91,3
90,3
89,3
88,3
87,3
86,3
85,3
84,3
83,3
82,3
81,3
81,3
82,4
83,5
84,6
85,7
86,8
87,9
88,10
89,11
90,12
91,13
92,14
93,15
94,16
95,17
96,18
97,19
98,20
99,21
100,22
101,23
102,24
103,25
104,26
105,27
106,28
107,29
108,30
108,30
109,30
110,30
111,30
112,30
113,30
114,30
115,30
116,30
117,30
118,30
119,30
120,30
121,30
122,30
123,30
124,30
125,30
126,30
127,30
128,30
129,30
130,30
131,30
132,30
133,30
134,30
135,30
136,30
136,30
137,30
138,30
139,30
140,30
141,30
142,30
143,30
144,30
145,30
146,30
147,30
148,30
149,30
150,30
151,30
152,30
153,30
154,30
155,30
156,30
157,30
158,30
159,30
160,30
161,30
162,30
163,30
164,30
165,30
166,30
167,30
168,30
169,30
170,30
170,30
169,29
168,28
167,27
166,26
165,25
164,24
163,23
162,22
161,21
160,20
159,19
159,19
160,19
161,19
162,19
163,19
164,19
165,19
166,19
167,19
168,19
169,19
170,19
170,19
169,18
168,17
167,16
166,15
165,14
164,13
163,12
162,11
161,10
160,9
159,8
158,7
157,6
156,5
156,5
157,5
158,5
159,5
160,5
161,5
162,5
163,5
164,5
165,5
166,5
167,5
167,5
167,6
167,7
167,8
167,9
167,10
167,11
167,12
167,13
167,14
167,15
167,16
167,17
167,18
167,19
167,20
167,21
167,22
167,23
167,24
167,25
167,26
167,27
167,28
167,29
167,30
167,31
167,32
167,33
167,34
167,35
167,36
167,37
167,37
167,38
167,39
167,40
167,41
167,42
167,43
167,44
167,45
167,46
167,47
167,48
167,49
167,50
167,51
167,52
167,53
167,54
167,55
167,56
167,57
167,58
167,59
167,60
167,61
167,62
167,63
167,64
167,65
167,66
167,67
167,68
167,69
167,70
167,71
167,72
167,73
167,73
168,73
169,73
170,73
171,73
172,73
173,73
174,73
175,73
176,73
177,73
178,73
179,73
180,73
181,73
181,73
182,73
183,73
184,73
185,73
186,73
187,73
188,73
189,73
190,73
191,73
192,73
193,73
193,73
192,73
191,73
190,73
189,73
188,73
187,73
186,73
185,73
184,73
183,73
182,73
181,73
180,73
179,73
179,73
178,73
177,73
176,73
175,73
174,73
173,73
172,73
171,73
170,73
169,73
168,73
167,73
166,73
165,73
164,73
163,73
162,73
161,73
160,73
159,73
158,73
157,73
156,73
155,73
154,73
153,73
152,73
151,73
150,73
149,73
148,73
147,73
146,73
145,73
144,73
143,73
142,73
141,73
---
19,65
19,65
20,65
21,65
22,65
23,65
24,65
25,65
26,65
27,65
28,65
29,65
30,65
31,65
32,65
33,65
34,65
35,65
36,65
37,65
38,65
39,65
40,65
41,65
41,65
40,65
39,65
38,65
37,65
36,65
35,65
34,65
33,65
32,65
31,65
30,65
29,65
28,65
27,65
26,65
25,65
24,65
23,65
22,65
21,65
20,65
19,65
18,65
17,65
16,65
15,65
14,65
13,65
12,65
11,65
10,65
9,65
8,65
7,65
6,65
5,65
4,65
4,65
5,65
6,65
7,65
8,65
9,65
10,65
11,65
12,65
13,65
14,65
14,65
14,64
14,63
14,62
14,61
14,60
14,59
14,58
14,57
14,56
14,55
14,54
14,53
14,53
15,52
16,51
17,50
18,49
19,48
20,47
21,46
22,45
23,44
24,43
25,42
26,41
27,40
28,39
29,38
30,37
31,36
32,35
33,34
34,33
35,32
36,31
36,31
35,31
34,31
33,31
32,31
31,31
30,31
29,31
28,31
27,31
26,31
25,31
24,31
23,31
22,31
21,31
20,31
19,31
18,31
17,31
16,31
15,31
14,31
14,31
14,32
14,33
14,34
14,35
14,36
14,37
14,38
14,39
14,40
14,41
14,42
14,43
14,44
14,45
14,46
14,47
14,48
14,49
14,50
14,51
14,52
14,53
14,54
14,55
14,56
14,57
14,58
14,59
14,60
14,61
14,62
14,63
14,64
14,65
14,66
14,67
14,67
14,66
14,65
14,64
14,63
14,62
14,61
14,60
14,59
14,58
14,57
14,56
14,55
14,54
14,53
14,52
14,51
14,50
14,49
14,48
14,47
14,46
14,45
14,44
14,43
14,42
14,41
14,40
14,39
14,38
14,38
15,39
16,40
17,41
18,42
19,43
20,44
21,45
22,46
23,47
24,48
25,49
26,50
27,51
28,52
29,53
30,54
31,55
32,56
33,57
34,58
35,59
36,60
37,61
38,62
39,63
40,64
41,65
42,66
43,67
44,68
45,69
46,70
47,71
48,72
48,72
49,71
50,70
51,69
52,68
53,67
54,66
55,65
56,64
57,63
58,62
59,61
60,60
60,60
61,60
62,60
63,60
64,60
65,60
66,60
67,60
68,60
69,60
70,60
71,60
72,60
73,60
74,60
75,60
76,60
77,60
77,60
78,60
79,60
80,60
81,60
82,60
83,60
84,60
85,60
86,60
87,60
88,60
89,60
90,60
91,60
92,60
93,60
94,60
95,60
96,60
97,60
98,60
99,60
100,60
101,60
102,60
103,60
104,60
105,60
106,60
107,60
108,60
109,60
109,60
110,60
111,60
112,60
113,60
114,60
115,60
116,60
117,60
118,60
119,60
120,60
121,60
122,60
123,60
124,60
125,60
126,60
127,60
128,60
129,60
130,60
131,60
132,60
133,60
134,60
135,60
136,60
137,60
138,60
---
48,19
48,19
49,19
50,19
51,19
52,19
53,19
54,19
55,19
56,19
57,19
58,19
59,19
60,19
61,19
62,19
63,19
64,19
65,19
66,19
67,19
68,19
69,19
70,19
71,19
72,19
73,19
74,19
75,19
76,19
77,19
78,19
79,19
79,19
78,20
77,21
76,22
75,23
74,24
73,25
72,26
71,27
70,28
69,29
68,30
67,31
66,32
65,33
64,34
63,35
62,36
61,37
60,38
59,39
58,40
57,41
56,42
55,43
54,44
53,45
52,46
52,46
52,47
52,48
52,49
52,50
52,51
52,52
52,53
52,54
52,55
52,56
52,57
52,58
52,59
52,60
52,61
52,62
52,63
52,63
53,64
54,65
55,66
56,67
57,68
58,69
59,70
60,71
61,72
62,73
63,74
64,75
65,76
66,77
67,78
68,79
69,80
70,81
71,82
72,83
73,84
74,85
75,86
76,87
77,88
78,89
78,89
77,90
76,91
75,92
74,93
73,94
72,95
71,96
70,97
69,98
68,99
67,100
66,101
65,102
64,103
63,104
62,105
61,106
60,107
59,108
58,109
57,110
57,110
58,110
59,110
60,110
61,110
62,110
63,110
64,110
65,110
66,110
67,110
68,110
69,110
70,110
71,110
72,110
73,110
74,110
75,110
76,110
77,110
78,110
79,110
80,110
81,110
82,110
83,110
84,110
85,110
86,110
86,110
87,111
88,112
89,113
90,114
91,115
92,116
93,117
94,118
95,119
96,120
97,121
98,122
99,123
100,124
101,125
102,126
103,127
104,128
105,129
106,130
107,131
108,132
109,133
110,134
111,135
112,136
113,137
114,138
115,139
116,140
116,140
117,140
118,140
119,140
120,140
121,140
122,140
123,140
124,140
125,140
126,140
127,140
128,140
129,140
130,140
131,140
132,140
133,140
134,140
135,140
136,140
137,140
138,140
139,140
140,140
141,140
142,140
143,140
144,140
145,140
146,140
147,140
148,140
149,140
150,140
150,140
151,140
152,140
153,140
154,140
155,140
156,140
157,140
158,140
159,140
160,140
161,140
162,140
162,140
161,140
160,140
159,140
158,140
157,140
156,140
155,140
154,140
153,140
152,140
151,140
150,140
149,140
148,140
147,140
146,140
145,140
144,140
143,140
142,140
141,140
140,140
140,140
141,140
142,140
143,140
144,140
145,140
146,140
147,140
148,140
149,140
150,140
151,140
152,140
153,140
154,140
155,140
156,140
156,140
156,141
156,142
156,143
156,144
156,145
156,146
156,147
156,148
156,149
156,150
156,151
156,152
156,153
156,154
156,155
156,156
156,157
156,158
156,159
156,160
156,161
156,162
156,163
156,164
156,165
156,166
156,167
156,168
156,169
156,170
156,171
156,172
156,173
156,174
156,175
156,175
155,175
154,175
153,175
152,175
151,175
150,175
149,175
148,175
147,175
146,175
145,175
144,175
143,175
142,175
141,175
140,175
139,175
138,175
137,175
136,175
135,175
134,175
133,175
132,175
131,175
130,175
129,175
128,175
127,175
126,175
125,175
124,175
123,175
122,175
121,175
120,175
---
18,62
18,62
18,61
18,60
18,59
18,58
18,57
18,56
18,55
18,54
18,53
18,52
18,51
18,50
18,49
18,48
18,47
18,46
18,45
18,44
18,43
18,42
18,41
18,40
18,39
18,38
18,37
18,36
18,35
18,34
18,33
18,32
18,31
18,30
18,29
18,28
18,28
19,28
20,28
21,28
22,28
23,28
24,28
25,28
26,28
27,28
28,28
29,28
30,28
31,28
32,28
33,28
34,28
35,28
36,28
37,28
38,28
39,28
40,28
41,28
42,28
43,28
44,28
45,28
45,28
45,27
45,26
45,25
45,24
45,23
45,22
45,21
45,20
45,19
45,18
45,17
45,16
45,15
45,15
45,16
45,17
45,18
45,19
45,20
45,21
45,22
45,23
45,24
45,25
45,26
45,27
45,28
45,29
45,30
45,31
45,32
45,33
45,34
45,35
45,36
45,37
45,37
44,37
43,37
42,37
41,37
40,37
39,37
38,37
37,37
36,37
35,37
34,37
33,37
32,37
31,37
30,37
29,37
28,37
27,37
26,37
25,37
24,37
23,37
22,37
21,37
20,37
19,37
18,37
17,37
16,37
15,37
14,37
13,37
12,37
11,37
10,37
10,37
9,38
8,39
7,40
6,41
5,42
4,43
3,44
2,45
1,46
0,47
0,48
0,49
0,50
0,51
0,52
0,53
0,54
0,55
0,56
0,57
0,58
0,59
0,60
0,61
0,62
0,63
0,63
1,63
2,63
3,63
4,63
5,63
6,63
7,63
8,63
9,63
10,63
11,63
12,63
13,63
14,63
15,63
16,63
17,63
18,63
18,63
17,64
16,65
15,66
14,67
13,68
12,69
11,70
10,71
9,72
8,73
7,74
6,75
5,76
4,77
3,78
2,79
1,80
0,81
0,82
0,83
0,84
0,85
0,86
0,87
0,88
0,89
0,90
0,91
0,92
0,93
0,94
0,95
0,96
0,97
0,97
1,97
2,97
3,97
4,97
5,97
6,97
7,97
8,97
9,97
10,97
11,97
12,97
13,97
14,97
15,97
16,97
17,97
18,97
19,97
20,97
21,97
22,97
23,97
24,97
25,97
26,97
27,97
28,97
29,97
30,97
31,97
32,97
33,97
34,97
35,97
36,97
37,97
38,97
38,97
39,96
40,95
41,94
42,93
43,92
44,91
45,90
46,89
47,88
48,87
49,86
50,85
51,84
51,84
52,84
53,84
54,84
55,84
56,84
57,84
58,84
59,84
60,84
61,84
62,84
63,84
64,84
65,84
66,84
67,84
68,84
69,84
70,84
71,84
72,84
73,84
74,84
75,84
76,84
77,84
78,84
79,84
80,84
81,84
82,84
83,84
84,84
85,84
86,84
87,84
88,84
89,84
89,84
88,84
87,84
86,84
85,84
84,84
83,84
82,84
81,84
80,84
79,84
78,84
77,84
76,84
75,84
74,84
73,84
72,84
71,84
70,84
69,84
68,84
67,84
66,84
65,84
64,84
63,84
62,84
61,84
60,84
---
44,12
44,12
45,13
46,14
47,15
48,16
49,17
50,18
51,19
52,20
53,21
54,22
55,23
56,24
57,25
58,26
59,27
60,28
61,29
62,30
63,31
64,32
65,33
66,34
67,35
68,36
69,37
69,37
68,37
67,37
66,37
65,37
64,37
63,37
62,37
61,37
60,37
59,37
58,37
57,37
56,37
55,37
54,37
53,37
52,37
51,37
50,37
49,37
48,37
47,37
46,37
45,37
44,37
43,37
42,37
41,37
40,37
39,37
39,37
39,36
39,35
39,34
39,33
39,32
39,31
39,30
39,29
39,28
39,27
39,26
39,25
39,24
39,23
39,22
39,21
39,20
39,19
39,18
39,17
39,16
39,16
40,16
41,16
42,16
43,16
44,16
45,16
46,16
47,16
48,16
49,16
50,16
51,16
52,16
53,16
54,16
55,16
56,16
57,16
58,16
59,16
60,16
60,16
59,16
58,16
57,16
56,16
55,16
54,16
53,16
52,16
51,16
50,16
49,16
48,16
47,16
46,16
45,16
44,16
43,16
42,16
41,16
40,16
39,16
38,16
37,16
36,16
35,16
34,16
33,16
32,16
31,16
30,16
29,16
28,16
28,16
28,15
28,14
28,13
28,12
28,11
28,10
28,9
28,8
28,7
28,6
28,5
28,5
29,5
30,5
31,5
32,5
33,5
34,5
35,5
36,5
37,5
38,5
39,5
40,5
41,5
42,5
43,5
44,5
45,5
46,5
47,5
48,5
49,5
50,5
51,5
52,5
53,5
54,5
55,5
56,5
57,5
58,5
59,5
60,5
61,5
62,5
63,5
64,5
65,5
66,5
67,5
67,5
68,6
69,7
70,8
71,9
72,10
73,11
74,12
75,13
76,14
77,15
78,16
79,17
80,18
81,19
82,20
83,21
84,22
85,23
86,24
87,25
88,26
89,27
90,28
91,29
92,30
93,31
94,32
95,33
96,34
97,35
97,35
98,35
99,35
100,35
101,35
102,35
103,35
104,35
105,35
106,35
107,35
108,35
109,35
110,35
111,35
112,35
113,35
114,35
115,35
116,35
117,35
118,35
119,35
120,35
121,35
122,35
123,35
124,35
125,35
126,35
127,35
127,35
127,34
127,33
127,32
127,31
127,30
127,29
127,28
127,27
127,26
127,25
127,24
127,23
127,22
127,21
127,20
127,19
127,18
127,17
127,16
127,15
127,14
127,13
127,12
127,11
127,10
127,9
127,8
127,7
127,6
127,5
127,5
126,5
125,5
124,5
123,5
122,5
121,5
120,5
119,5
118,5
117,5
116,5
115,5
114,5
113,5
112,5
111,5
110,5
109,5
108,5
---
90,27
90,27
90,26
90,25
90,24
90,23
90,22
90,21
90,20
90,19
90,18
90,17
90,16
90,15
90,14
90,13
90,12
90,11
90,10
90,9
90,8
90,7
90,6
90,5
90,5
90,6
90,7
90,8
90,9
90,10
90,11
90,12
90,13
90,14
90,15
90,15
90,16
90,17
90,18
90,19
90,20
90,21
90,22
90,23
90,24
90,25
90,26
90,27
90,28
90,29
90,30
90,31
90,32
90,33
90,34
90,35
90,36
90,37
90,38
90,39
90,40
90,41
90,42
90,42
89,42
88,42
87,42
86,42
85,42
84,42
83,42
82,42
81,42
80,42
79,42
78,42
77,42
76,42
75,42
74,42
73,42
72,42
71,42
71,42
70,42
69,42
68,42
67,42
66,42
65,42
64,42
63,42
62,42
61,42
60,42
59,42
58,42
57,42
56,42
55,42
54,42
53,42
52,42
51,42
50,42
49,42
48,42
47,42
46,42
45,42
44,42
43,42
42,42
41,42
40,42
39,42
38,42
37,42
36,42
36,42
37,42
38,42
39,42
40,42
41,42
42,42
43,42
44,42
45,42
46,42
47,42
48,42
49,42
50,42
51,42
52,42
53,42
54,42
55,42
55,42
56,42
57,42
58,42
59,42
60,42
61,42
62,42
63,42
64,42
65,42
66,42
67,42
68,42
69,42
70,42
71,42
72,42
73,42
74,42
75,42
76,42
77,42
77,42
78,43
79,44
80,45
81,46
82,47
83,48
84,49
85,50
86,51
87,52
88,53
89,54
90,55
91,56
92,57
93,58
94,59
95,60
96,61
97,62
98,63
99,64
100,65
101,66
102,67
103,68
104,69
105,70
105,70
106,71
107,72
108,73
109,74
110,75
111,76
112,77
113,78
114,79
115,80
116,81
117,82
118,83
119,84
120,85
121,86
122,87
123,88
124,89
125,90
126,91
127,92
128,93
129,94
130,95
130,95
130,94
130,93
130,92
130,91
130,90
130,89
130,88
130,87
130,86
130,85
130,84
130,83
130,82
130,81
130,80
130,79
130,78
130,77
130,76
130,75
130,74
130,73
130,72
130,71
130,70
130,69
130,68
130,67
130,66
130,65
130,64
130,63
130,62
130,62
130,61
130,60
130,59
130,58
130,57
130,56
130,55
130,54
130,53
130,52
130,51
130,50
130,49
130,48
130,47
130,46
130,45
130,44
130,43
130,42
130,41
130,40
130,39
130,38
130,37
130,36
130,35
130,34
130,34
129,34
128,34
127,34
126,34
125,34
124,34
123,34
122,34
121,34
120,34
119,34
118,34
117,34
116,34
115,34
114,34
113,34
112,34
111,34
110,34
109,34
108,34
107,34
106,34
105,34
104,34
104,34
105,34
106,34
107,34
108,34
109,34
110,34
111,34
112,34
113,34
114,34
115,34
116,34
117,34
118,34
119,34
120,34
