649
685 104
953 747 969
176 985 687 135
620 428 206 375 957
256 466 122 223 346 676
591 675 254 141 511 674 914
498 353 544 500 112 762 951 382
833 599 729 768 263 585 557 999 466
271 977 279 634 748 559 770 240 306 464
712 548 163 427 781 728 175 791 359 632 627
374 751 482 307 255 124 215 967 274 357 399 813
270 985 812 421 534 617 254 787 409 108 269 106 337
554 991 283 799 918 456 918 751 536 361 231 540 871 207
227 814 774 888 689 797 138 529 171 624 615 683 237 181 399
619 841 409 526 471 967 348 248 496 652 924 585 727 828 676 666
152 313 572 356 462 206 686 951 775 482 851 440 938 132 415 354 497
955 740 297 918 827 944 524 574 799 628 726 374 708 337 587 938 550 803
394 137 335 905 765 929 890 253 624 780 855 166 294 710 589 366 190 813 699
404 722 299 893 669 947 761 273 245 493 336 743 943 851 110 595 115 322 737 485
541 169 529 277 628 160 339 782 321 137 562 823 149 279 718 984 983 329 191 186 282
383 131 805 115 712 314 952 134 244 225 708 988 255 962 214 600 422 596 631 282 511 129
483 112 839 907 799 361 707 123 755 208 661 613 162 460 796 184 101 986 344 445 960 349 193
909 187 993 710 231 838 881 687 430 314 602 170 203 290 121 110 863 285 627 138 593 146 490 684
269 848 166 670 354 550 534 195 101 427 330 974 583 595 334 788 174 726 951 104 483 205 262 341 868
640 289 666 649 533 207 723 102 414 852 408 194 459 331 316 213 833 839 983 328 196 732 992 772 370 934
919 814 556 105 470 824 326 150 809 213 131 984 769 802 365 892 469 465 491 847 719 253 570 868 220 727 253
429 640 999 558 657 351 592 402 518 399 883 768 945 264 473 871 690 351 878 768 590 378 399 478 187 409 378 930
181 433 669 135 531 770 768 103 133 170 908 993 244 539 341 948 873 118 385 587 565 850 236 414 224 380 968 138 604
879 571 834 420 275 146 617 692 485 453 863 573 675 749 568 562 103 824 454 639 212 857 802 553 853 895 110 818 819 377
577 679 268 728 242 163 335 416 725 622 631 299 145 638 772 610 759 539 541 837 382 839 616 513 498 313 178 892 344 753 748
215 483 161 795 200 471 693 921 338 486 418 129 468 406 115 872 442 151 852 362 496 127 791 462 245 976 700 186 770 803 119 630
881 335 738 645 422 495 713 837 618 702 626 940 405 649 780 192 574 253 696 857 757 644 443 982 481 234 800 114 369 175 908 415 624
474 906 165 265 678 815 616 546 865 464 185 261 344 812 350 636 256 646 697 579 683 376 730 919 661 740 436 278 940 455 840 713 990 257
954 125 876 375 173 744 710 752 342 841 818 668 107 464 436 245 504 163 834 241 979 747 639 755 263 922 121 723 902 748 513 698 269 284 543
190 660 536 270 371 503 511 677 172 673 271 776 673 405 462 108 448 476 617 137 421 947 970 480 883 900 462 527 484 209 857 239 679 644 858 794
985 877 326 478 789 240 664 929 283 674 260 597 153 253 642 130 596 374 823 442 544 540 536 118 838 572 371 656 363 620 692 449 818 605 631 597 731
169 387 316 180 377 213 717 480 915 512 765 999 266 845 153 954 971 906 442 482 937 972 656 312 969 691 915 291 818 269 428 287 662 825 891 117 478 990
585 100 644 575 979 620 695 338 937 670 839 340 507 533 253 276 374 717 332 165 306 609 594 914 224 383 969 919 533 734 431 608 145 571 532 915 796 213 968
854 676 596 856 100 718 136 252 871 670 606 322 464 565 437 574 745 607 242 734 565 537 610 333 748 414 560 136 921 991 369 774 707 174 471 911 491 799 985 789
928 576 919 657 988 833 299 173 940 127 328 116 896 109 810 174 118 114 703 978 578 131 833 253 749 273 741 260 898 181 553 211 429 852 361 615 287 882 993 912 674
237 992 404 110 171 948 483 862 408 354 855 168 585 202 727 414 961 644 781 456 233 786 867 548 792 707 278 544 973 379 179 403 326 941 827 844 588 425 582 839 679 486
418 221 373 461 677 640 236 516 587 437 526 993 525 216 259 541 334 323 780 342 595 515 625 821 244 150 555 990 107 697 848 409 743 939 695 590 908 892 984 363 273 567 544
618 250 389 100 629 600 932 902 665 399 931 554 456 577 513 378 458 760 316 733 799 890 567 246 749 836 817 623 875 103 222 462 915 772 284 267 628 929 902 841 942 791 520 502
419 108 513 187 957 523 720 830 910 610 355 949 823 452 298 161 555 355 406 208 847 493 273 989 590 501 196 137 744 191 622 204 381 891 129 514 199 190 472 165 366 112 597 913 652
784 982 714 753 139 137 950 383 908 619 686 819 640 435 528 565 838 147 315 757 725 968 299 782 667 394 518 483 723 220 589 849 225 732 111 908 590 290 342 793 774 669 411 883 767 213
550 906 333 632 589 537 196 728 416 198 820 735 142 720 573 376 264 213 125 232 633 590 720 383 248 168 468 728 434 252 799 409 137 400 919 935 509 677 530 395 546 994 848 297 561 469 402
154 718 969 649 435 218 184 389 959 760 506 632 602 194 603 572 937 758 828 484 298 174 706 310 156 859 709 368 142 585 644 969 666 403 828 564 159 338 783 986 571 156 848 269 130 181 225 262
374 512 934 236 356 674 941 995 467 928 678 175 538 658 915 590 161 921 141 535 174 189 297 709 403 859 587 106 512 930 616 147 743 523 935 299 413 277 583 826 512 986 932 512 981 506 252 967 283
272 961 641 552 945 801 405 576 401 176 116 618 898 584 863 658 971 972 848 661 346 364 241 234 384 517 345 868 232 721 698 778 861 132 646 643 741 714 752 845 760 116 725 617 252 123 415 147 206 367
283 329 323 779 148 105 576 243 899 292 826 621 975 693 226 734 358 354 114 554 810 222 551 215 973 652 217 588 802 726 993 168 363 970 298 536 404 892 494 661 217 432 320 917 119 834 611 969 942 229 317
118 162 656 671 658 495 242 592 274 667 911 765 618 530 187 426 720 877 830 585 263 620 466 382 787 748 372 508 635 864 411 106 152 210 172 934 390 437 849 787 959 103 179 626 561 340 774 893 468 625 324 208
119 175 117 609 572 277 482 938 312 967 180 480 485 508 692 642 714 767 510 262 189 288 225 147 363 131 379 770 351 539 685 266 805 329 259 717 633 437 364 942 777 144 750 777 245 510 197 776 805 577 733 406 465
745 672 987 654 961 651 237 652 860 346 474 465 149 444 671 554 915 778 956 535 323 179 372 863 455 311 257 346 697 739 646 172 413 756 176 381 861 466 365 237 194 476 555 542 291 422 551 894 821 823 795 861 138 365
854 266 167 297 311 816 715 148 850 538 327 410 494 667 265 470 357 818 343 788 312 425 855 150 559 748 464 234 468 661 301 236 112 899 543 380 380 900 146 723 842 959 508 168 666 686 644 822 113 953 543 134 531 565 734
441 215 772 630 857 828 804 984 684 798 501 490 849 206 159 575 304 759 838 922 385 279 301 828 970 465 678 220 899 617 423 169 348 686 939 755 451 842 453 498 778 714 415 646 442 222 200 647 678 432 598 321 635 734 465 366
303 169 357 777 908 673 582 785 629 736 498 172 224 495 586 874 254 628 105 422 648 889 999 629 733 364 716 804 733 919 827 830 902 855 542 666 665 858 831 498 427 194 998 731 418 695 710 999 429 321 993 222 321 858 819 938 522
829 827 340 728 334 493 661 646 208 102 894 189 423 157 164 806 166 422 601 123 309 341 761 586 642 336 701 282 659 844 922 210 427 582 977 261 648 207 254 824 869 518 866 523 977 824 673 571 652 973 268 465 326 240 367 383 751 420
130 358 762 978 127 830 677 801 684 244 195 992 636 894 893 524 778 257 515 402 803 921 453 715 418 246 462 757 779 350 162 649 311 733 706 813 497 319 382 581 447 557 372 333 415 765 563 110 593 425 275 882 137 373 629 899 848 610 518
620 682 562 594 649 375 684 469 402 832 231 226 546 209 507 372 823 627 841 154 559 273 243 621 818 239 149 619 969 361 733 131 578 516 499 231 710 446 541 836 529 569 866 792 700 744 804 977 757 574 980 295 789 772 403 667 379 386 123 869
701 720 554 786 743 797 438 640 532 868 620 242 540 676 444 425 322 271 341 197 287 678 141 690 724 682 284 606 449 843 182 817 630 286 386 286 282 235 876 980 171 215 950 678 565 887 602 894 615 457 300 193 750 682 660 431 723 379 681 650 173
949 210 233 550 507 640 545 580 877 453 503 209 475 740 554 570 183 559 812 451 364 821 366 125 431 554 555 332 872 550 651 200 195 403 674 367 165 544 165 649 937 488 593 946 294 338 911 129 471 182 157 488 573 364 369 274 531 286 705 810 817 240
565 669 983 992 592 506 201 522 268 202 111 600 448 109 354 254 309 721 329 428 295 114 637 942 690 181 689 655 660 553 140 500 119 137 239 244 455 860 668 128 612 331 519 727 536 722 519 151 710 190 327 101 452 874 739 830 928 535 152 267 880 606 241
671 232 340 993 985 222 749 949 634 316 626 565 927 488 536 114 950 926 196 203 127 229 727 815 102 890 500 895 168 603 585 874 243 724 120 256 781 327 852 160 411 491 326 120 404 376 862 515 484 849 789 819 123 906 666 282 123 149 153 240 901 334 925 892
722 454 170 802 204 688 909 451 241 515 641 309 818 366 223 745 429 296 782 634 491 551 450 558 638 623 787 798 321 131 631 767 616 528 130 378 154 150 661 277 177 735 601 932 189 420 665 524 891 707 946 601 253 743 217 124 835 390 337 323 509 760 412 783 133
576 608 269 250 420 422 684 455 722 866 524 532 239 328 347 774 792 119 134 313 288 258 533 702 508 941 533 463 263 180 325 756 728 762 278 763 148 454 500 992 558 523 457 978 983 777 474 350 957 382 736 492 194 202 937 217 981 883 461 488 968 228 255 977 601 544
138 359 791 501 926 512 191 482 126 580 878 436 149 637 538 486 392 542 182 985 251 661 929 323 426 304 580 182 646 419 198 345 757 356 865 419 785 591 762 215 814 956 434 262 247 118 758 389 763 294 509 845 222 485 338 815 441 207 653 991 249 312 283 705 198 563 813
926 766 655 542 174 113 947 910 827 356 178 312 127 673 632 834 857 501 854 417 293 233 697 185 743 110 829 341 744 812 225 481 691 451 503 179 146 224 139 196 907 941 683 796 424 792 343 628 812 969 230 811 759 782 349 754 156 192 825 547 280 228 389 724 664 508 267 380
104 124 307 173 766 511 646 177 555 355 185 859 957 229 619 922 519 880 227 562 258 572 568 418 544 483 205 555 371 799 332 449 715 379 840 469 509 235 898 896 969 314 837 132 625 570 632 495 694 848 787 720 340 880 486 731 389 459 217 582 185 452 820 439 296 797 571 753 313
289 714 617 946 139 588 957 752 919 732 770 866 506 965 429 663 617 564 109 532 238 219 500 147 191 789 433 414 113 730 218 421 525 159 196 739 319 248 419 325 220 200 982 241 138 747 354 275 400 866 629 276 963 212 243 315 696 998 419 502 198 772 892 292 169 713 779 299 742 509
849 286 323 440 648 698 231 201 885 627 228 850 736 834 198 939 460 880 469 418 814 568 247 111 940 255 826 932 205 181 969 791 340 701 300 306 339 932 927 408 989 434 508 206 962 788 637 199 221 756 657 342 883 917 707 804 666 866 388 479 784 672 516 608 144 181 540 932 786 510 861
812 112 784 972 398 940 349 456 145 491 239 923 354 259 950 583 278 463 508 283 230 608 240 293 575 520 649 292 557 411 807 141 964 830 301 954 640 404 329 109 502 391 982 150 284 779 720 734 418 451 829 926 496 273 841 932 691 389 398 860 397 439 555 813 942 108 592 319 488 476 705 851
741 628 210 736 940 178 186 597 602 931 841 934 731 721 608 301 882 240 145 688 208 135 722 600 844 856 394 470 820 330 710 690 340 110 963 901 460 926 996 148 716 382 105 611 960 188 926 799 268 554 835 297 938 516 332 462 706 341 596 336 227 784 619 834 500 354 499 765 675 104 723 770 996
847 385 587 960 399 821 887 579 403 939 939 163 164 301 834 906 353 581 999 805 772 116 346 289 283 920 690 282 563 933 663 834 817 827 663 656 975 405 571 253 581 562 334 249 529 860 107 594 770 328 386 542 895 791 171 595 340 241 245 773 567 332 756 420 797 520 705 339 616 765 991 979 531 659
480 828 438 631 857 125 732 630 483 212 675 347 248 683 512 717 598 165 127 783 776 580 455 551 890 487 218 597 171 378 446 571 792 956 827 346 122 776 214 639 720 220 498 461 544 334 425 386 555 781 141 222 771 453 155 638 315 301 642 939 893 640 113 609 466 185 649 934 322 348 791 797 142 953 668
516 358 313 240 304 867 499 963 794 970 523 168 287 411 900 688 438 414 201 818 315 126 632 655 920 884 167 259 538 495 684 593 491 555 780 168 160 396 559 493 934 206 423 671 237 383 209 431 140 899 875 956 690 375 905 822 458 995 847 230 215 817 251 798 365 259 565 533 530 117 683 558 412 435 446 919
974 535 545 105 747 463 503 179 733 619 586 423 213 948 816 479 488 336 255 570 134 572 642 868 210 344 685 279 901 443 896 650 928 555 702 614 446 278 204 156 137 683 724 456 616 656 971 273 520 234 339 473 393 714 194 687 906 232 359 611 761 994 649 384 843 177 830 560 715 897 685 685 601 873 467 877 663
632 570 893 280 460 560 359 286 328 288 637 326 619 436 447 143 633 839 574 327 512 946 849 544 848 643 946 230 618 295 384 345 697 906 676 912 135 611 611 617 734 821 316 687 724 605 742 915 913 644 696 989 907 175 789 669 980 641 999 531 240 908 445 809 636 376 578 478 136 960 732 789 164 653 123 837 671 754
975 690 636 578 942 532 865 411 199 698 659 855 894 159 956 299 199 960 135 193 825 193 244 980 139 357 348 901 347 256 928 486 506 968 737 422 245 316 406 576 715 793 843 268 576 703 789 777 171 370 993 481 658 720 349 160 384 643 152 223 241 533 285 808 760 401 376 706 852 450 946 309 301 632 791 998 435 455 250
574 604 970 726 366 396 579 454 977 686 868 100 942 866 468 901 601 572 786 556 828 615 481 498 390 457 874 840 429 284 564 529 336 124 291 449 801 702 616 984 808 935 857 261 667 203 967 600 414 518 760 569 433 571 553 286 459 360 812 600 501 643 698 618 119 213 901 208 990 732 336 695 673 440 789 565 676 238 689 331
640 717 815 179 622 904 498 501 855 180 152 372 183 351 642 649 427 771 292 754 374 692 961 738 114 897 936 909 315 237 886 529 659 915 708 332 538 615 516 973 917 448 342 680 573 899 426 605 678 897 276 174 302 668 215 444 167 378 208 396 385 776 860 333 868 475 538 964 699 139 548 304 492 149 591 607 480 142 665 498 976
559 937 287 860 230 651 858 138 762 877 338 443 602 484 111 652 302 136 866 191 601 786 942 283 332 500 444 203 361 524 465 957 104 647 817 876 132 204 986 229 989 582 754 152 225 626 537 814 344 479 153 470 323 699 825 925 819 885 505 976 840 281 976 968 391 142 902 287 853 990 984 396 113 456 895 354 974 569 352 550 632 583
810 361 965 108 522 469 883 851 996 100 925 599 561 920 463 481 644 745 718 151 867 953 742 351 814 840 449 760 689 575 813 979 980 595 399 782 832 219 116 513 545 664 523 197 546 822 458 177 502 241 842 557 268 871 292 577 667 490 985 446 918 782 812 634 137 196 215 714 427 525 787 411 784 855 740 338 542 330 672 860 718 768 834
703 969 123 808 836 222 475 649 142 674 613 537 781 270 602 517 811 519 326 487 370 687 383 708 192 973 421 297 187 723 322 603 510 700 383 117 920 395 889 775 313 103 856 645 815 859 338 325 657 402 382 560 507 533 271 814 864 336 184 170 330 418 948 718 185 571 419 112 885 664 935 508 723 850 470 859 935 294 778 612 397 230 573 648
270 362 459 571 295 597 285 613 540 192 473 427 506 775 229 654 274 262 781 438 310 156 890 129 454 288 606 132 349 943 453 681 723 330 165 255 333 168 943 959 605 870 293 400 387 516 928 845 364 745 216 129 163 840 457 979 666 406 871 305 769 389 480 903 513 632 102 517 710 158 381 357 942 406 772 308 728 454 658 539 414 668 933 407 856
158 536 800 804 582 677 702 312 109 631 691 442 199 157 582 802 577 718 646 668 529 790 282 500 348 414 115 774 343 880 396 124 747 702 529 655 135 395 352 688 888 800 503 705 337 226 852 150 350 250 276 807 584 427 307 442 821 849 330 353 674 182 518 745 140 537 654 325 538 871 231 364 402 514 555 231 948 523 374 179 752 579 746 261 182 934
724 827 914 398 558 532 452 852 472 445 900 575 904 814 136 833 169 431 910 497 845 215 649 390 134 281 263 651 502 366 584 469 665 590 318 376 138 971 677 918 635 435 490 195 405 756 537 771 151 520 205 843 244 326 375 347 855 288 773 433 164 162 779 108 509 764 742 329 162 870 508 158 112 110 899 789 739 302 490 276 593 860 285 861 415 802 324
718 754 597 477 827 427 650 591 139 443 816 394 427 751 549 300 595 343 475 132 867 783 148 249 841 521 716 429 477 928 439 502 760 858 909 769 165 550 255 116 673 118 340 266 287 927 635 559 585 688 316 936 319 716 367 481 942 721 391 738 209 297 112 832 888 884 609 183 466 523 189 527 264 759 329 815 548 627 403 777 926 836 928 479 472 460 304 293
123 678 487 415 181 969 745 964 452 226 972 848 889 735 691 158 558 574 938 587 960 313 434 168 390 658 780 390 309 988 524 999 874 283 578 952 402 942 538 275 423 803 119 981 775 410 335 971 408 883 372 351 632 672 918 939 466 866 589 330 339 622 504 357 471 689 493 825 851 662 685 700 782 113 148 754 509 933 477 257 603 462 815 965 221 263 443 948 447
594 899 278 428 354 634 479 982 853 658 644 674 853 619 192 865 346 201 602 519 644 626 363 310 803 766 942 653 928 737 548 916 910 498 466 986 784 422 440 323 335 346 424 541 750 394 770 663 522 340 679 633 584 543 665 472 387 854 485 186 229 340 331 105 493 788 523 157 545 408 438 399 547 426 452 212 518 704 299 677 737 714 624 615 129 876 435 797 607 929
688 256 461 473 519 356 310 977 268 491 784 757 885 925 222 426 621 557 776 701 755 855 469 472 717 831 790 669 712 285 750 954 345 538 589 150 387 266 204 996 484 988 139 414 809 177 426 244 102 433 845 256 874 103 402 734 533 804 975 581 996 587 623 111 153 329 528 309 306 201 632 903 326 580 275 511 490 221 486 545 292 532 672 353 655 953 989 457 347 794 620
910 453 742 433 833 596 370 911 371 656 600 277 766 496 412 343 385 998 198 251 820 617 344 743 567 361 257 622 512 376 704 346 128 720 699 772 961 888 394 317 709 606 599 440 203 411 568 688 932 538 226 449 463 110 888 129 739 278 886 210 603 829 369 528 894 439 118 893 520 818 882 884 343 502 991 992 823 546 295 745 735 487 703 156 120 247 402 930 209 428 618 807
908 670 460 700 423 370 805 638 507 869 526 615 933 436 516 933 192 777 385 358 167 188 568 438 370 561 449 651 909 837 605 275 856 258 235 800 605 834 376 627 994 157 401 441 150 389 770 139 246 448 826 977 155 589 369 124 175 415 682 430 913 631 650 456 519 234 658 278 668 754 651 790 941 131 624 317 226 929 732 867 409 497 717 161 985 987 394 828 111 256 690 642 583
877 532 937 415 951 879 202 358 990 269 131 745 560 361 140 883 156 698 516 481 604 641 845 322 980 533 199 505 609 210 415 649 928 357 109 317 846 218 134 635 978 742 108 178 359 678 982 269 480 635 822 691 502 989 689 607 259 121 907 882 453 577 223 490 275 242 557 414 731 778 641 342 312 859 995 940 564 706 580 956 714 214 813 878 584 134 656 757 871 393 774 762 503 641
782 844 398 752 648 624 159 620 893 786 476 340 649 936 169 102 448 842 344 378 941 926 938 209 161 333 107 619 829 204 432 272 943 470 895 629 914 623 576 697 587 448 703 145 869 587 470 464 323 263 299 459 838 661 102 153 258 820 942 945 361 997 609 570 976 716 397 795 353 321 486 742 467 829 787 966 777 688 693 549 757 881 985 366 820 922 460 227 647 559 665 925 715 232 957
934 816 526 132 834 654 499 521 719 199 636 661 655 707 153 182 832 204 173 922 695 861 311 460 435 944 301 137 685 976 964 387 806 798 568 614 562 829 647 434 925 344 264 243 705 555 881 197 614 825 164 860 604 238 758 446 307 152 746 172 515 126 728 710 448 652 660 483 242 231 969 971 282 616 958 506 452 936 700 618 299 173 312 355 969 477 846 359 127 905 613 129 179 232 136 104
438 327 182 432 753 241 713 490 100 893 311 558 461 673 596 360 854 686 246 694 576 324 106 294 391 321 360 419 627 635 159 839 938 423 115 617 572 553 908 441 940 115 636 489 143 961 247 135 136 451 372 289 387 416 736 467 875 584 743 233 541 575 376 832 602 810 674 965 401 758 943 580 466 862 571 436 747 349 973 386 453 242 795 870 906 416 842 233 735 717 809 196 393 285 695 745 447
605 409 504 732 102 833 311 398 415 375 703 974 362 553 846 818 489 237 470 829 775 294 959 794 322 760 366 106 611 287 943 144 482 229 963 769 330 339 854 303 995 190 731 241 638 126 967 184 495 692 724 683 155 180 405 372 329 386 717 342 557 776 428 227 769 669 478 334 362 565 321 865 557 999 387 818 195 158 284 803 557 690 653 432 314 749 221 326 489 696 253 857 711 557 217 664 449 817
236 957 236 649 126 380 210 402 755 748 959 865 216 819 255 829 903 192 372 387 386 871 603 455 987 870 975 447 150 452 730 764 789 657 717 142 923 214 631 375 129 513 271 212 715 563 402 965 511 279 382 417 403 118 554 442 600 732 422 702 971 843 537 297 532 701 225 138 414 355 846 434 187 835 629 380 739 973 333 887 911 712 732 626 927 441 755 985 167 289 301 345 431 530 842 839 626 415 294
387 501 402 206 368 323 549 963 885 498 548 777 436 204 736 645 388 100 970 182 273 254 942 924 417 588 639 121 835 937 587 828 679 393 362 319 818 365 419 708 341 436 525 976 752 260 770 119 808 537 194 510 745 625 903 179 134 959 265 852 243 683 302 845 242 203 332 887 166 177 583 396 624 475 798 379 711 410 462 549 105 988 864 600 290 200 834 985 447 611 331 900 594 124 984 964 535 870 638 861