997753337557119771175993577375791591937913337531515753511779115197
535511848264208237177935135739591315717577399753717135939713359111
971732648486648655155179397971597799553977371797519915599399597915
551124860826048051375193711932040203133153375139111139371995999719
775440880933086097759371377576486623179751339739375135759971139159
576440483757340679359779375314064829531995573177393797375977597517
978020435197386235152002137531886005739799159756664595739931753375
974684439759976475060866843791144663606806871548442821953111917399
524802831935951352642022484177126267006046619020666868913319971553
320262619551937766664772280691382407528423756082138862851733775951
328200053993175924807131082497386841648437326624917462635595157773
706040671171793148803975806287984282464957120602919484495377991375
920406491113351664863737446661500262460395580882208882095935339117
160840471119915600467537224007106046088519528824662286011731779733
734404639775513680005731440827346640066855748426573513997939573115
718840283359399644269997886043508821022229380044771938959593351799
737442020915758222484913086453562867746446916006595702875135553193
151300060684246226202792082471860023922248358886268460535713713551
717338206802846972004064286974828224378688667242642686773311175137
353333200088447391562022871936088080991266669104684277591591957977
793513793191571111551759753359919395337193955751135713113775753377